UNKNOWN                 
1 81014U          20033.86627614  .00026308  00000+0  23580-2 0  9990
2 81014  51.3426 210.7149 2803916 243.4158  85.3402  9.65458585216418
UNKNOWN                 
1 81036U          20045.57633515  .00000251  00000-0  50159-3 0  9995
2 81036  66.0003 285.9005 2732876 317.9574  24.0518  9.12972042207044
UNKNOWN                 
1 81037U          20044.54639323  .00000441  00000-0  61981-4 0  9992
2 81037  62.2063  22.0702 0231749 196.2165 163.1414 14.75946072892902
UNKNOWN                 
1 81052U          20044.01061461  .00000198  00000-0  93389-4 0  9999
2 81052  65.7786 231.4082 0656460 246.9311 106.1267 13.60126160309214
UNKNOWN                 
1 81067U          20034.69378690  .00001307  00000+0  71570-3 0  9992
2 81067  99.1046 129.1502 0055169 263.2152  96.2740 14.12972133259827
UNKNOWN                 
1 81069U          20042.86270996  .00000920  00000-0  15921-2 0  9990
2 81069 100.3022 196.1904 0077802 176.1590 184.0153 13.45863388228190
UNKNOWN                 
1 81073U          20045.45606665  .00000987  00000+0  20899-2 0  9991
2 81073  61.7136  83.4276 4689053 157.2304 233.3423  5.82469535475869
UNKNOWN                 
1 81078U          20045.40056194  .00000875  00000+0  27655-1 0  9999
2 81078  65.1171  24.4041 0171019 105.9011  46.2176 11.21640623255844
UNKNOWN                 
1 81111U          20040.73245779  .00065429  00000-0  15788-2 0  9999
2 81111  62.7475 329.1267 4787596 275.9755  33.5607  6.10465299721254
UNKNOWN                 
1 81114U          20044.69791568  .00026009  00000+0  58305-3 0  9996
2 81114  63.0192 203.4342 0023755  34.3692 325.8960 15.43071227305008
UNKNOWN                 
1 81122U          20027.50405598 -.00000199  00000+0 -70930-4 0  9994
2 81122  97.6298 120.9429 0286800 175.1788 185.2255 14.04853681272071
UNKNOWN                 
1 81123U 70025    20044.07272974  .00000050  00000-0  99563-4 0  9998
2 81123  99.9729 341.6797 0002666 126.2779 233.8616 13.77280634312829
UNKNOWN                 
1 81134U          20043.19594910  .00000017  00000+0  36206-4 0  9992
2 81134  90.3042 311.8295 0025813 200.6475 159.3602 12.92274662187383
UNKNOWN                 
1 81161U          20044.16493790  .00000108  00000-0  17548-3 0  9993
2 81161 100.4228  38.2288 0063746 248.1645 111.2709 13.71326190263974
UNKNOWN                 
1 81182U          20045.47201410  .00049858  00000+0  33895-2 0  9993
2 81182  51.3507 149.4624 1559747  83.9886 293.5836 12.21592307207156
UNKNOWN                 
1 81219U 81053    20044.58443507  .00000063  00000-0  46404-4 0  9995
2 81219  82.9304 161.1005 0022733  87.5146 272.8615 13.79531352313794
UNKNOWN                 
1 81221U          20042.59233937  .00000456  00000-0  23340-3 0  9993
2 81221  98.8335 334.5295 0118200 355.3474   4.6592 14.16843182221791
UNKNOWN                 
1 81228U          20044.31250871 -.00000622  00000-0 -26185-3 0  9995
2 81228  70.5301 255.3162 0092236 236.2963 122.9341 14.18908024322642
UNKNOWN                 
1 81241U          20045.12952977  .00000382  00000+0  19917-3 0  9991
2 81241  81.2278 189.9697 0038658 208.7029 151.2017 14.12385669173309
UNKNOWN                 
1 81247U 81053    20045.63905983  .00002939  00000-0  81277-3 0  9994
2 81247  83.2488 163.4025 0029342  78.6752 281.7739 14.46181426327560
UNKNOWN                 
1 81254U 70025    20044.59813008  .00001834  00000-0  14516-2 0  9993
2 81254 100.3752 175.0317 0075564 241.6170 117.7352 13.91730979316052
UNKNOWN                 
1 81264U          20045.44367230  .00000747  00000+0  16219-3 0  9990
2 81264  99.4224 288.3680 0105276 303.2115  55.9021 14.58522054297965
UNKNOWN                 
1 81279U          20044.44017803  .00000188  00000-0  93965-4 0  9997
2 81279  98.0961 263.0548 0224972 102.2242 260.4224 14.13546098161345
UNKNOWN                 
1 81301U          20044.44785045  .00000061  00000-0  13574-3 0  9990
2 81301  66.7615 333.7671 0094513 225.5422 250.2669 13.75342862313446
UNKNOWN                 
1 81311U 90105    20045.65191240  .00000027  00000-0  17553-4 0  9992
2 81311  98.6770 336.5347 0139926 116.9199   2.8048 14.52940424330328
UNKNOWN                 
1 81317U 80089    20045.38500366 -.00000113  00000+0 -82458-4 0  9994
2 81317  67.1371 177.8292 0212649  78.7098 317.8103 13.37051223304036
UNKNOWN                 
1 81323U          20044.40101715  .00000370  00000-0  10035-3 0  9998
2 81323  65.7775 290.5972 0511939 329.2979  27.9034 14.02172456812153
UNKNOWN                 
1 81329U          20042.89763856 -.00000395  00000-0 -10583-3 0  9992
2 81329  65.8241 271.7882 0883871 265.9963  97.8202 13.12573017823215
UNKNOWN                 
1 81338U          20043.66556308  .00013799  00000+0  85050-3 0  9990
2 81338  74.0245 296.9234 0018915 178.9411 181.1825 15.09830933242057
UNKNOWN                 
1 81342U          20043.37841562  .00000854  00000+0  52292-3 0  9992
2 81342  70.9007  82.0514 0169063 292.3354  65.9916 14.01888986317983
UNKNOWN                 
1 81343U          20044.95518673  .00000267  00000+0  28086-4 0  9995
2 81343  85.8771 231.9076 0009057 242.6488 117.3814 14.84900374137332
UNKNOWN                 
1 81357U          20045.24868438  .00000792  00000+0  84066-4 0  9993
2 81357  97.5364 329.4973 0202985 263.6863  94.1197 14.78075750219431
UNKNOWN                 
1 81358U          20028.49779764 -.00005612  00000-0 -72071+0 0  9992
2 81358  62.6439  61.1977 0369064 129.3748 234.0452  9.81675684587149
UNKNOWN                 
1 81359U          20045.48943376 -.00000025  00000+0  48286-4 0  9990
2 81359  66.7984  83.6788 0127918 332.1649  27.2615 13.74931201312611
UNKNOWN                 
1 81361U          20045.41853645  .00022674  00000+0  68108-3 0  9992
2 81361  98.4573 225.2914 0016427 273.3099  86.6261 15.34319009335325
UNKNOWN                 
1 81366U          20045.61252465  .00000171  00000-0  94276-4 0  9997
2 81366  65.8854  33.7306 0742839  18.9510 343.7671 13.38788609780909
UNKNOWN                 
1 81371U          20045.23050970  .00000233  00000+0  60559-4 0  9993
2 81371  98.8091 326.2280 0089429  52.4921 308.4363 14.57329803331012
UNKNOWN                 
1 81374U          20045.36798143  .00000568  00000+0  23166-3 0  9994
2 81374  65.7320  37.8599 0046778 207.8511 152.0076 14.34567509277578
UNKNOWN                 
1 81380U          20044.66981028  .00001254  00000+0  43475-3 0  9997
2 81380  99.8564 185.0667 0005172 141.8979 218.2570 14.37812189311385
UNKNOWN                 
1 81386U          20044.63039412  .00000704  00000+0  35420-3 0  9991
2 81386  71.0562 187.2916 0121691 141.8130 219.1695 14.15958794321609
UNKNOWN                 
1 81390U          20044.51318553  .00000042  00000+0  71243-3 0  9997
2 81390 103.0949 126.8340 0177387 260.2995  97.7985 12.33906497237279
UNKNOWN                 
1 81391U          20040.37617191  .00000961  00000-0  43979-3 0  9994
2 81391  81.2076 283.4113 0014750 145.6223 214.5911 14.20687639277241
UNKNOWN                 
1 81392U          20045.33892221  .00000898  00000+0  11214-2 0  9999
2 81392 100.4188 186.3177 0042424 335.5145  56.6037 13.67353656310301
UNKNOWN                 
1 81402U          20045.51170570  .00001600  00000+0  69539-3 0  9993
2 81402  98.7540  63.3027 0007451 199.3505 160.7393 14.25517928141649
UNKNOWN                 
1 81405U          20044.14328446  .00000413  00000-0  37811-3 0  9991
2 81405  99.5278  32.4628 0170668 104.9630 257.0486 13.82411055267081
UNKNOWN                 
1 81406U          20044.22002133 -.00000392  00000+0 -12859-3 0  9995
2 81406  65.8108 224.7574 0892452 178.0486 182.4435 13.04523065255406
UNKNOWN                 
1 81409U 87068    20045.15267131  .00001354  00000+0  51387-3 0  9997
2 81409  82.6676 197.1290 0060448  75.6466 285.1420 14.29453967323969
UNKNOWN                 
1 81418U          20045.31300573  .00000519  00000+0  11218-2 0  9994
2 81418 100.3176 169.7859 0055375 307.6180  51.9925 13.34432755114898
UNKNOWN                 
1 81425U          20045.22895101  .00001028  00000+0  13012-2 0  9998
2 81425  99.4187 145.6647 0096410 186.7267 173.2588 13.64124828150908
UNKNOWN                 
1 81427U          20044.47752485  .00000075  00000-0  73855-4 0  9998
2 81427  98.8985 316.2218 0087404 233.6646 125.6429 14.03107864252908
UNKNOWN                 
1 81438U          20044.62774243  .00001950  00000+0  33414-2 0  9990
2 81438 100.2831 186.9577 0077760 190.5906 169.3588 13.44842193305020
UNKNOWN                 
1 81449U 85042    20045.13634744  .00001028  00000+0  38824-3 0  9996
2 81449  66.8062 301.2463 0060418 322.2826  37.4046 14.34237395325385
UNKNOWN                 
1 81478U          20044.53321016  .00000356  00000-0  18477-3 0  9993
2 81478  99.1347 251.3882 0173507 300.6498  87.3225 14.13817291321140
UNKNOWN                 
1 81488U 75052    20045.39115365 -.00000146  00000+0 -14144-3 0  9991
2 81488 100.0667 202.9265 0044953 222.0328 166.7513 13.55376530308223
UNKNOWN                 
1 81497U          20045.42679493  .00001078  00000+0  13614-2 0  9996
2 81497 100.3098 113.8734 0028118 346.0989  78.6141 13.66282758924402
UNKNOWN                 
1 81499U          20045.37213041  .00000329  00000+0  12260-3 0  9990
2 81499  74.0540 185.0128 0002756  29.8680 330.2629 14.35901038176217
UNKNOWN                 
1 81509U          20045.29981912  .00004260  00000+0  10878-2 0  9992
2 81509  98.8848 174.3070 0033425 242.8729 116.9054 14.50737884154949
UNKNOWN                 
1 81521U          20045.36348591  .00002226  00000+0  47952-3 0  9998
2 81521  99.6963  82.5400 0008034  32.1969  35.7620 14.59706727329875
UNKNOWN                 
1 81535U          20044.45507779 -.00000179  00000-0 -62910-4 0  9997
2 81535  98.1900 297.4096 0252588 155.5572 205.7824 14.07260018 87516
UNKNOWN                 
1 81536U 73086    20044.72449356  .00000257  00000+0  18980-2 0  9998
2 81536 101.9875 208.5085 0021346  17.8662 353.9627 12.53668365284846
UNKNOWN                 
1 81537U 93016    20043.10883466 -.00000109  00000-0 -37950-4 0  9998
2 81537  71.0390 189.4937 0076979 119.2885 241.5955 14.05535842320978
UNKNOWN                 
1 81545U          20035.04882160  .00025996  00000+0  61621-2 0  9990
2 81545  98.9835 248.9294 0060886 306.2347  53.3228 14.52819383114821
UNKNOWN                 
1 81546U          20043.03239286  .00001465  00000+0  18229-3 0  9996
2 81546  66.8071 145.9909 0022510 296.8963  62.9864 14.85609633812599
UNKNOWN                 
1 81552U          20045.51892177  .00000541  00000+0  12800-2 0  9994
2 81552  99.0339 247.3363 0266412  69.2252 293.7190 13.15225254299248
UNKNOWN                 
1 81564U          20044.09188320  .00001492  00000+0  67250-3 0  9993
2 81564  81.1856 329.1656 0038812  45.7960 314.6393 14.21395722262432
UNKNOWN                 
1 81569U 95015    20044.81863348  .00000128  00000+0  36581-3 0  9996
2 81569  28.0729 231.7951 0316164  15.1955 345.7814 12.46226054287072
UNKNOWN                 
1 81579U          20045.54665721  .00004516  00000+0  30445-2 0  9990
2 81579 100.1494 316.2499 0232980  93.9385 268.8437 13.88754733314012
UNKNOWN                 
1 81599U          20045.41219514  .00000286  00000+0  63123-3 0  9993
2 81599  67.2951 191.4838 0257507 169.8091 225.6936 13.28794289302100
UNKNOWN                 
1 81614U 76077    20045.22738181 -.00007983  00000+0 -57435-1 0  9993
2 81614 101.1536 146.1780 0445631 105.7634 259.3019 12.18294971277307
UNKNOWN                 
1 81615U 92021    20045.08179231  .00000139  00000+0  84213-4 0  9991
2 81615  65.8299 281.6358 0822040  29.0298 335.3970 13.22827739300570
UNKNOWN                 
1 81617U 73086    20045.11081453 -.00000044  00000+0 -83545-5 0  9990
2 81617 101.3684 282.0709 0034971 113.6190 246.8563 12.56134589285745
UNKNOWN                 
1 81624U          20043.32272370  .00000444  00000+0  12992-3 0  9993
2 81624  66.9901 155.9405 0091545 182.7442 177.3180 14.50923157329474
UNKNOWN                 
1 81626U          20045.40244347  .00001155  00000+0  30612-3 0  9998
2 81626  71.0087 329.3308 0013333 148.1163 212.0788 14.50817471317426
UNKNOWN                 
1 81634U          20045.32243889  .00092470  00000+0  40749-2 0  9999
2 81634  51.7653 100.7114 1396994 170.5676 192.4648 12.64063140223297
UNKNOWN                 
1 81640U          20044.91620324  .00000052  00000+0  99907-4 0  9990
2 81640  65.8255 155.4236 0997994 219.5465 132.8479 12.55360109242731
UNKNOWN                 
1 81652U 76077    20045.35797425  .00000090  00000+0  17560-3 0  9992
2 81652 102.1598 191.2838 0381207  59.6610 330.9630 13.41126978293101
UNKNOWN                 
1 81661U          20041.99691606  .00001074  00000-0  32238-3 0  9998
2 81661  98.4353 315.7975 0069460 209.6995 150.0244 14.43357224226065
UNKNOWN                 
1 81667U          20044.62808019  .00000262  00000+0  97078-4 0  9996
2 81667  74.0461  10.7223 0016660 122.4905 237.7862 14.37034444150116
UNKNOWN                 
1 81674U          20045.05629895  .00000070  00000+0  92719-4 0  9999
2 81674  66.8251 293.7159 0034642 316.1296 110.0390 14.04798647314360
UNKNOWN                 
1 81678U          20043.75078105  .00001447  00000-0  23426-3 0  9998
2 81678  65.8318 221.7721 0049731 160.6059 212.3475 14.73963922332543
UNKNOWN                 
1 81683U          20045.14091164  .00000026  00000+0  36593-5 0  9991
2 81683  81.2254 343.4060 0029187 222.3154 137.5783 14.43432454327938
UNKNOWN                 
1 81696U          20045.35699710  .00001109  00000+0  11626-3 0  9990
2 81696  97.3907  16.8015 0226267  82.5966 280.0893 14.74322134197388
UNKNOWN                 
1 81721U          20042.76104896  .00003920  00000+0  10544-2 0  9997
2 81721  98.1435 150.7314 0370487 153.0542 209.0415 14.14825960228644
UNKNOWN                 
1 81732U          20044.49696281  .00001575  00000-0  19151-3 0  9994
2 81732  65.7366 128.1794 0291141 282.0457  74.8163 14.61214403330386
UNKNOWN                 
1 81745U          20044.49352714  .00000313  00000+0  14110-3 0  9996
2 81745  71.0048 312.1449 0008633 285.4791 247.7920 14.29809069324713
UNKNOWN                 
1 81775U          20044.23962871  .00000868  00000-0  40655-3 0  9991
2 81775  82.9302 143.6125 0026855 201.7781 158.2260 14.19019943321931
UNKNOWN                 
1 81792U          20044.79685025 -.00000316  00000+0 -88054-4 0  9999
2 81792  65.8264 160.2138 0913304 144.1430 222.4587 13.03902740297117
UNKNOWN                 
1 81794U          20044.72976940  .00003163  00000+0  46660-3 0  9990
2 81794  81.1872 216.5227 0004903 247.2115 112.8574 14.75117078333593
UNKNOWN                 
1 81795U          20045.32880415  .00038088  00000+0  21695-2 0  9993
2 81795   6.3476 109.9543 1727306 159.1774 208.8276 11.89574825188436
UNKNOWN                 
1 81798U          20044.38378970  .00002099  00000+0  54070-3 0  9996
2 81798  74.0176 185.2112 0049425  63.9749 296.6488 14.50000087277309
UNKNOWN                 
1 81813U          20045.63988630  .00000472  00000-0  15447-3 0  9992
2 81813  99.0485 186.1089 0017260 323.6063  36.3951 14.43358177327721
UNKNOWN                 
1 81816U 77121    20043.81137513 -.00000258  00000-0 -14197-3 0  9992
2 81816  66.2382 170.8525 0186358  42.6031 318.9323 13.83536117314283
UNKNOWN                 
1 81817U          20045.49935690  .00000820  00000+0  11248-3 0  9999
2 81817  65.7271  66.0862 0312958  58.2497 304.8697 14.56370964333535
UNKNOWN                 
1 81818U          20044.31506244  .00000007  00000-0  27492-4 0  9996
2 81818  65.7554  15.2563 0679036 192.9733 165.3074 13.69261714355398
UNKNOWN                 
1 81819U          20041.58074714  .00000154  00000-0  14165-2 0  9999
2 81819 102.2982  81.8530 0035849 129.9789 230.4432 12.44546797871757
UNKNOWN                 
1 81821U          20045.29393012  .00014636  81869-6  21552-3 0  9996
2 81821  34.0771  29.2398 2309248 116.7303 268.7622 10.88599757326672
UNKNOWN                 
1 81824U          20045.23037041  .00000293  00000+0  18872-3 0  9996
2 81824  65.8491 265.3994 0047060  30.9651 329.4192 14.16858253321860
UNKNOWN                 
1 81833U          20044.43348711  .00000223  00000+0  79259-3 0  9995
2 81833  90.3004 311.9651 0025255 189.4196 170.6452 12.92943407177308
UNKNOWN                 
1 81838U          20044.40556806  .00000351  00000+0  14443-3 0  9999
2 81838  67.7688 302.4916 0034020 243.7306 236.2187 14.36687639326251
UNKNOWN                 
1 81844U          20044.64084843  .00000804  00000+0  40299-3 0  9990
2 81844  82.9270 186.7637 0081854  66.0051 294.9669 14.13761689320834
UNKNOWN                 
1 81845U          20044.40202819  .00000140  00000-0  26816-4 0  9994
2 81845  97.9007 281.0268 0105592  16.8695 156.5979 14.74880983335032
UNKNOWN                 
1 81864U          20042.19169440 -.00000108  00000-0 -53561-5 0  9995
2 81864  65.6757 330.6174 0798378 210.0714 145.2127 13.25642719780182
UNKNOWN                 
1 81865U 87062    20045.22877640  .00000312  00000+0  27196-3 0  9991
2 81865  82.8065 220.4243 0070273 252.2305 230.6253 13.81978654314128
UNKNOWN                 
1 81872U          20044.94235672  .00036768  00000+0  25213-2 0  9998
2 81872  62.0155 222.6132 2108056 150.7897 222.9601 11.08652710 99005
UNKNOWN                 
1 81873U          20045.00105676  .00000725  00000+0  44326-3 0  9998
2 81873  99.1451  68.0862 0072388 306.3553  53.0949 14.07936949269011
UNKNOWN                 
1 81893U 70025    20045.06282154  .00000007  00000+0  61607-4 0  9992
2 81893 100.0336 268.5833 0018699 330.2890  29.7192 13.72155242311835
UNKNOWN                 
1 81899U          20045.00875143  .00000033  00000+0  22558-3 0  9994
2 81899 102.4351 106.5455 0170255   5.1506 355.1303 13.15294750298710
UNKNOWN                 
1 81902U          20043.19294208  .00001406  00000-0  20568-3 0  9999
2 81902  81.6313 212.5611 0302190 337.7253  21.1034 14.48571155905452
UNKNOWN                 
1 81905U          20042.94589096  .00010155  00000-0  58869-3 0  9992
2 81905  61.7782 295.5126 1767486 264.2709  75.5101 11.81851945410563
UNKNOWN                 
1 81921U          20043.58382931  .00000186  00000+0  10684-3 0  9995
2 81921  65.7088 165.5303 0895594 295.6634  55.4548 13.06934774749639
UNKNOWN                 
1 81946U 87079    20043.93675664 -.00000072  00000-0 -56424-4 0  9990
2 81946  66.4246 285.1999 0676340 300.2652  65.0731 12.41806581283365
UNKNOWN                 
1 81947U          20044.80765973  .00000072  00000+0  25797-4 0  9996
2 81947  66.0808 208.4470 0468986 342.0188  16.4778 14.30679529325033
UNKNOWN                 
1 81964U          20044.53917251  .00000011  00000-0  67235-4 0  9990
2 81964  66.5855 138.0790 0031777  43.6432 316.7152 13.94339217317097
UNKNOWN                 
1 81969U          20045.10788352  .00000311  00000+0  33143-4 0  9990
2 81969  86.6728 334.8522 0009870 204.6929 155.3824 14.85140599122846
UNKNOWN                 
1 81995U          20043.59656130  .00000502  00000+0  13662-3 0  9993
2 81995  65.7559 156.8968 0609926 261.4331  91.7208 13.81382365308576
UNKNOWN                 
1 82003U          20041.84242148 -.00000040  00000-0  00000-0 0  9998
2 82003  46.5818 228.0756 3460906 127.0530 269.9407  7.89664630403859
UNKNOWN                 
1 82025U          20044.56204358  .00004940  00000-0  65413-3 0  9999
2 82025  74.0310 357.0767 0015747 236.3673 123.6002 14.80099539279384
UNKNOWN                 
1 82039U          20042.81842994  .00001512  00000-0  37958-3 0  9999
2 82039  99.0627 355.9425 0046656  41.7031 318.7704 14.52319170246783
UNKNOWN                 
1 82043U          20044.67014278  .00000110  00000+0  49980-4 0  9997
2 82043  97.9520   4.6114 0261408 289.2862  68.0215 14.21994729270611
UNKNOWN                 
1 82044U          20043.02747061  .00000311  00000+0  37984-3 0  9992
2 82044  99.9914  63.8320 0065575 359.6500   0.4590 13.73644800269077
UNKNOWN                 
1 82051U          20043.38992601  .00000597  00000-0  29758-3 0  9998
2 82051  98.8867 101.3263 0117440 287.2555  71.5796 14.17242532269453
UNKNOWN                 
1 82073U          20045.24075537  .00000079  00000+0  37712-4 0  9993
2 82073  97.7632 329.5702 0242577 214.9494 143.5559 14.26039596270954
UNKNOWN                 
1 82110U          20045.10444674  .00029677  00000+0  62289-2 0  9992
2 82110  51.5910 284.9101 1861336 114.6824 265.8821 11.35417029184721
UNKNOWN                 
1 82112U          20044.17549945  .00000947  00000+0  28123-3 0  9996
2 82112  98.6641 123.4647 0100857 265.8017  93.1641 14.42802399273645
UNKNOWN                 
1 82139U          20045.26290919  .00000591  00000+0  37769-3 0  9991
2 82139  99.1839  65.5702 0093294 230.9616 128.3221 14.05495956180447
UNKNOWN                 
1 82162U          20045.44586414  .00000953  00000+0  17768-2 0  9993
2 82162 100.4017 223.9893 0058863 288.6216  70.8525 13.41581754218099
UNKNOWN                 
1 82168U          20045.23756916  .00002287  00000+0  38291-3 0  9999
2 82168  74.0135   5.3019 0015028 237.5427 122.4292 14.70355547175322
UNKNOWN                 
1 82180U          20045.14127634  .00000615  00000+0  16064-3 0  9999
2 82180  65.6593 235.5865 0483925 187.8916 171.4352 14.04252887300030
UNKNOWN                 
1 82187U          20045.05636535  .00001458  00000+0  30402-3 0  9999
2 82187  70.9409 298.5728 0076816 272.7148  86.5207 14.59971173331122
UNKNOWN                 
1 82189U          20044.55047888  .00000035  00000-0  21998-4 0  9994
2 82189  74.0372 345.1867 0017223 329.1582  30.8556 14.33574516327190
UNKNOWN                 
1 82199U          20044.41512405  .00000157  00000+0  12871-3 0  9995
2 82199  82.9678  30.4145 0036828 315.9712 196.7342 13.83398620315119
UNKNOWN                 
1 82205U          20045.50205132  .00000231  00000+0  63641-4 0  9995
2 82205  62.9886  87.9312 0682400  94.7501 273.1750 13.78505783313430
UNKNOWN                 
1 82223U          20044.33581861  .00000603  00000+0  41184-3 0  9991
2 82223  99.3416 192.4343 0077100  96.6178 264.3770 14.02371430149669
UNKNOWN                 
1 82227U          20042.42202576 -.00000007  00000+0  27036-3 0  9995
2 82227 101.7671  24.8937 0001142  75.7178  80.8607 12.41908306376562
UNKNOWN                 
1 82250U          20044.58793149  .00000612  00000-0  42916-3 0  9997
2 82250  98.9765 315.5694 0097128   6.1727 113.3794 13.99846927317801
UNKNOWN                 
1 82268U          20043.01184351  .00000808  00000-0  45234-3 0  9995
2 82268  99.1393 117.4468 0062149 224.9876 259.9137 14.12709727434022
UNKNOWN                 
1 82284U          20044.46001879  .00001015  00000-0  43029-3 0  9997
2 82284  99.5560 127.9980 0106647  53.7635 307.3341 14.24885661367067
UNKNOWN                 
1 82285U          20044.10760365  .00002448  00000+0  24808-2 0  9994
2 82285 102.0143   5.9279 0363080  23.1010 338.5991 13.52928519306469
UNKNOWN                 
1 82295U          20044.48434949  .00000072  00000+0  60981-4 0  9997
2 82295  66.6239 312.4285 0139697 281.0428  77.4982 14.25469106275857
UNKNOWN                 
1 82298U          20043.44239797  .00000947  00000-0  52648-3 0  9991
2 82298  99.0772 114.1513 0065510 240.6909 118.7706 14.12553609265041
UNKNOWN                 
1 82303U          20044.89566181  .00004948  00000+0  11398-1 0  9997
2 82303  81.9919 258.2402 0123603 285.7115 134.4909 13.22286756229085
UNKNOWN                 
1 82311U          20043.58134384  .00000326  00000-0  54366-3 0  9998
2 82311  99.4875 161.6781 0112699 255.9131 102.9458 13.51531994262328
UNKNOWN                 
1 82314U          20045.36463225  .00003696  00000+0  18376-3 0  9991
2 82314  99.2349  15.0203 0214030 320.4660  38.1111 15.00748863221224
UNKNOWN                 
1 82320U          20038.04171567  .00000435  00000-0  17602-3 0  9990
2 82320  99.8172 335.0650 0161114 187.7079 172.1618 14.27052810323068
UNKNOWN                 
1 82322U          20045.06604194  .00001112  00000+0  28791-3 0  9992
2 82322  98.6227  91.3121 0082226 106.7386 254.2850 14.49888926255390
UNKNOWN                 
1 82348U          20045.04840927  .00000662  00000+0  51447-3 0  9997
2 82348  63.7546  59.2059 3278980 312.4187  24.1509  8.38561939188629
UNKNOWN                 
1 82369U 99025    20043.83899975 -.00000228  00000-0 -12870-3 0  9995
2 82369  99.1072  77.0182 0085229  79.8643 281.2120 13.96929331259712
UNKNOWN                 
1 82381U          20045.36814738  .00000841  00000+0  29435-3 0  9991
2 82381  98.5080 239.2465 0018200 131.4403 228.8351 14.37601902202738
UNKNOWN                 
1 82383U          20042.78379829  .00001983  00000-0  30871-3 0  9998
2 82383  98.3164  66.5198 0005722 252.1924 107.8660 14.74149988231574
UNKNOWN                 
1 82402U          20044.23119704  .00000267  00000+0  28089-4 0  9998
2 82402  86.6727 335.2872 0009806 208.4951 151.5739 14.84979045137380
UNKNOWN                 
1 82410U          20044.29303769 -.00000036  00000-0  39143-4 0  9998
2 82410  66.6560  42.9866 0064885 347.1777  12.7639 13.75966299293670
UNKNOWN                 
1 82428U          20045.05646288  .00006546  00000+0  70751-2 0  9996
2 82428  63.1704 288.1892 0101329  29.8585 330.8181 13.71694329125689
UNKNOWN                 
1 82432U 93036    20044.97154425  .00000181  00000+0  52794-4 0  9997
2 82432  74.0092  42.3814 0063791   2.0345 358.1062 14.50220909173788
UNKNOWN                 
1 82448U          20045.54368083  .00000271  00000+0  28488-4 0  9997
2 82448  85.8769 231.5782 0009112 239.8743 120.1577 14.84926770120147
UNKNOWN                 
1 82451U          20043.15083192  .00002423  00000-0  29060-3 0  9999
2 82451  66.5353 202.6810 0305662 253.4548 103.2788 14.58060197819954
UNKNOWN                 
1 82453U          20044.32169923 -.00000008  00000-0  26948-3 0  9998
2 82453 101.8759   1.8332 0093621 199.8883 159.8520 12.39482415282213
UNKNOWN                 
1 82458U          20026.09719330  .00000529  00000+0  34748-3 0  9993
2 82458  66.5130 288.2035 0070552 358.0568   2.0233 14.08594958306611
UNKNOWN                 
1 82464U          20044.45935362  .00001012  00000-0  32038-3 0  9994
2 82464  71.0001  87.5973 0090164 221.5696 200.9744 14.40273164326363
UNKNOWN                 
1 82475U          20041.98855409  .00000643  00000-0  41292-3 0  9995
2 82475  99.1887  65.5916 0107255 268.9386  89.9490 14.04181644246435
UNKNOWN                 
1 82481U          20041.27517482  .00005960  00000-0  44630-3 0  9996
2 82481  99.0272 207.3404 0039277  92.8525 267.7192 15.02588087136292
UNKNOWN                 
1 82484U          20045.43148027 -.00000016  00000+0  38462-4 0  9990
2 82484  99.6009 123.9850 0046427 163.2979 196.9700 13.55047268302333
UNKNOWN                 
1 82494U 93036    20042.88867321  .00000474  00000-0  13323-3 0  9999
2 82494  74.0211 117.7016 0010704  39.4681 320.7256 14.48631417173173
UNKNOWN                 
1 82500U          20044.42852921  .00000519  00000+0  33153-3 0  9990
2 82500  70.9717 112.5814 0139338  64.5113 297.0341 14.03395109319225
UNKNOWN                 
1 82517U          20045.34734617  .00000509  00000+0  15217-3 0  9991
2 82517  86.3906 268.8193 0016748  70.2149 290.0854 14.40971972115912
UNKNOWN                 
1 82524U          20041.15919160  .00000642  00000-0  30391-3 0  9991
2 82524  73.2921 211.6610 0176634  67.2562  53.0434 14.14033071431189
UNKNOWN                 
1 82526U          20039.52892593  .00000382  00000-0  27512-3 0  9993
2 82526  99.2612  65.9943 0110740  87.9257 273.4583 13.99983134222469
UNKNOWN                 
1 82529U          20044.60684175  .00000142  00000-0  29268-3 0  9990
2 82529  99.7306 175.6574 0244974  18.2539 354.2876 13.38238812304736
UNKNOWN                 
1 82545U          20044.31496533 -.00000038  00000-0  13933-3 0  9992
2 82545  64.8857  26.7652 0180334 336.6325  22.6480 11.30772709198130
UNKNOWN                 
1 82560U          20045.31357049  .00000281  00000+0  29229-3 0  9991
2 82560  99.9868 173.5014 0011339 127.2059 265.0238 13.85042244316836
UNKNOWN                 
1 82561U          20044.65297778  .00000445  00000+0  22310-3 0  9996
2 82561  63.1288 136.8945 0433604 305.1762 120.5416 13.88027046315199
UNKNOWN                 
1 82576U          20044.26752275  .00000556  00000+0  39509-3 0  9998
2 82576  99.3041  57.1090 0116543  97.3701 264.0723 13.98632324221656
UNKNOWN                 
1 82597U          20045.09163558  .00000248  00000+0  12698-3 0  9991
2 82597  66.7739 303.7271 0098109  82.5525 278.6707 14.28036245324548
UNKNOWN                 
1 82616U          20045.62214482  .00001583  00000-0  22330-3 0  9993
2 82616  97.2814 186.2247 0104816 112.9850 248.2459 14.74709715250828
UNKNOWN                 
1 82617U          20044.96740864  .00000070  00000+0  27050-4 0  9992
2 82617  74.0273 264.7251 0040530  11.5762 348.6318 14.46149813328883
UNKNOWN                 
1 82619U          20044.24608499  .00000192  00000+0  36266-3 0  9995
2 82619  66.1943 243.8468 0216585 359.1710   0.8953 13.49568400184542
UNKNOWN                 
1 82627U          20044.50395897 -.00000065  00000+0 -21250-3 0  9996
2 82627  82.4782 322.0447 0013728   8.9872 114.8640 13.13390820299098
UNKNOWN                 
1 82629U          20045.02471866  .00001198  00000+0  43755-3 0  9997
2 82629  81.1789 167.7075 0021025 287.3120  72.5763 14.32395942276444
UNKNOWN                 
1 82637U          20044.14463547  .00001890  00000+0  54615-3 0  9991
2 82637  99.5314 170.2945 0029212 359.0666   1.0463 14.45725648195744
UNKNOWN                 
1 82642U          20044.52240393  .00000268  00000-0  19885-3 0  9990
2 82642  99.0293 316.6613 0141845  17.2742 343.3177 13.98768205317893
UNKNOWN                 
1 82683U 99057    20045.06470263  .00000151  00000+0  78211-4 0  9995
2 82683  98.1277 267.2240 0229477 106.2124 256.4432 14.13362758161120
UNKNOWN                 
1 82693U          20044.59124249  .00000567  00000-0  83123-3 0  9992
2 82693 100.5323 171.0825 0050065 223.2181 136.5022 13.59288639263759
UNKNOWN                 
1 82698U          20043.29105699  .00000008  00000+0  67811-4 0  9997
2 82698  61.6143  43.8849 0719495 237.9319 114.9869 13.21127225256345
UNKNOWN                 
1 82708U          20045.42127799  .00000208  00000+0  10354-2 0  9991
2 82708 102.1493  28.5000 0061386 257.1322 102.2905 12.86719275249482
UNKNOWN                 
1 82729U          20044.72878183 -.00000244  00000+0 -67683-3 0  9996
2 82729  67.9451 219.7309 0842685  23.4852 340.2378 12.15695112276241
UNKNOWN                 
1 82737U          20044.55732014  .00009822  00000-0  14533-1 0  9992
2 82737 102.8948 316.1802 0321712  89.0867 274.7087 13.35266740258913
UNKNOWN                 
1 82739U          20045.10987671  .00000415  00000+0  41692-3 0  9993
2 82739  99.1041 271.0916 0183230 197.8647 329.6196 13.75970997312908
UNKNOWN                 
1 82741U          20045.42129882  .00000455  00000+0  65776-3 0  9996
2 82741 102.8794 117.4956 0208921 294.3683  63.5763 13.55533890307928
UNKNOWN                 
1 82742U          20044.25065066  .00001303  00000+0  60745-3 0  9994
2 82742  99.5908  51.1230 0056493 327.7208  32.0514 14.21647228239773
UNKNOWN                 
1 82748U          20044.70221437  .00012822  00000+0  39576-2 0  9991
2 82748 102.7910  28.1566 0007225 270.5137  89.5207 14.41565794244760
UNKNOWN                 
1 82755U          20044.63938026  .00002390  00000+0  45416-3 0  9990
2 82755  99.8183  12.7296 0000756 324.0908  36.0239 14.65387634331476
UNKNOWN                 
1 82778U 75105D   20043.00068287  .00009864 -31185-4  00000+0 0  9999
2 82778   2.8218   6.2869 0362428 227.1197 237.6964 15.48912902 31686
UNKNOWN                 
1 82783U          20044.50785063  .00000574  00000-0  17205-2 0  9995
2 82783  90.3304 334.6660 0026289  56.7236 303.6403 13.06175529226135
UNKNOWN                 
1 82785U          20044.91443583  .00000330  00000+0  10742-3 0  9999
2 82785  63.1358 168.1022 0320134 356.5600  93.9712 14.29616849324703
UNKNOWN                 
1 82820U          20045.14969712  .00000369  00000+0  19306-3 0  9999
2 82820  99.7808 297.5263 0059309 231.1584 128.4287 14.20508245322524
UNKNOWN                 
1 82829U          20041.99875344  .00000167  00000-0  58016-2 0  9991
2 82829  65.0975 240.0042 0165560  81.0364  72.7625 11.28859390410156
UNKNOWN                 
1 82854U          20042.39878190  .00000539  00000-0  46759-3 0  9991
2 82854  82.6909 282.3873 0133749 155.9098 204.8396 13.80481686785557
UNKNOWN                 
1 82873U          20045.12722734  .00000614  00000+0  37207-3 0  9999
2 82873 100.0146  16.2215 0048012 354.1119   5.9478 14.10337151320237
UNKNOWN                 
1 82875U          20044.88938979 -.00000050  00000+0  24513-5 0  9996
2 82875  98.6602  74.8640 0393212 249.1677 106.6969 14.10690032244034
UNKNOWN                 
1 82893U          20045.45358928  .00000676  00000+0  43335-3 0  9994
2 82893  98.9908 127.0040 0032956 301.7167  58.0790 14.06490210123270
UNKNOWN                 
1 82915U          20045.39548359  .00002335  00000+0  42061-3 0  9990
2 82915  74.0230  63.7479 0033232 266.4881  93.2487 14.66826063169503
UNKNOWN                 
1 82939U          20026.00824456 -.00000109  00000+0 -60585-2 0  9997
2 82939  86.1801  46.7136 1974128 298.1171  43.4109  8.76500361197739
UNKNOWN                 
1 82959U          20044.88395412  .00000260  00000+0  17835-3 0  9997
2 82959 100.0839 287.3174 0054114 280.1383  79.3682 14.09289238243592
UNKNOWN                 
1 82961U          20044.61542606  .00002996  00000+0  73009-2 0  9992
2 82961  99.8487  14.6729 0482995 161.3652 200.5831 12.86704987279192
UNKNOWN                 
1 82965U 70025    20043.40325401  .00000353  00000+0  57946-3 0  9996
2 82965 100.1892  24.1451 0002447  15.9283 344.1929 13.55272249235502
UNKNOWN                 
1 82991U          20044.66460754  .00002277  00000+0  43643-3 0  9997
2 82991  86.3228 181.8319 0022535 180.2135 179.9072 14.63207464172785
UNKNOWN                 
1 83903U          20044.07321583 -.00000272  00000+0  00000+0 0  9992
2 83903  11.1441 313.0710 0129568 189.1186   8.8951  0.99115760 22550
UNKNOWN                 
1 83934U          20044.74135601 -.00000315  00000+0  00000+0 0  9992
2 83934  10.3352 317.9435 0221072 209.1244 336.8800  1.02661966 23427
UNKNOWN                 
1 83952U          20034.38116198  .00000411  00000+0  17428-2 0  9992
2 83952  20.6244  92.4868 7163665 300.9064   7.9846  2.31883195 34360
UNKNOWN                 
1 83970U          20045.23472574  .00000614  00000+0  31647-3 0  9996
2 83970  18.3322  61.3535 5263951 104.4153 317.2724  5.09915218 85504
UNKNOWN                 
1 84006U          20039.81588136  .00000005  00000-0  00000-0 0  9997
2 84006  22.5907 230.8155 6162436  59.8744 347.1139  2.16235526 38061
UNKNOWN                 
1 84026U          20044.26757044  .00017608  00000-0  80631-2 0  9997
2 84026  21.8206 255.9224 6269788 109.8349 324.8633  3.60628177 46830
UNKNOWN                 
1 84071U          20043.10687036  .00001464  00000-0  85782-3 0  9998
2 84071  20.6920 294.8795 7037037 228.4144  45.4244  2.56726951 47688
UNKNOWN                 
1 84079U          20044.71695978 -.00000274  00000+0 -17946-3 0  9994
2 84079  62.7667 103.7910 4046599 141.8055 255.3562  7.04997174153843
UNKNOWN                 
1 84136U          20023.51579737  .00013217  00000+0  10744-2 0  9994
2 84136  51.4358 319.1880 2261862 240.4928  95.1738 10.74664427268916
UNKNOWN                 
1 84170U          20045.12529038  .00003197  00000+0  10891-2 0  9991
2 84170  20.8233 242.4067 7027761 228.0622  46.0270  2.59540961 37164
UNKNOWN                 
1 84232U 79104    20043.92655555  .00000236  00000+0  57741-3 0  9998
2 84232  20.3493 267.4072 6924450 286.6648  12.2445  2.67162719 43837
UNKNOWN                 
1 84342U          20032.89956217  .00003502  00000+0  12739-2 0  9998
2 84342  21.8557 313.1247 5830606 256.8798  35.3955  4.25897867 52581
UNKNOWN                 
1 84353U          20029.14454916 -.00000348  00000+0  00000+0 0  9994
2 84353  18.6903 108.6344 6703103 285.9373  13.9090  2.03732460 24404
UNKNOWN                 
1 84407U          20044.86389247  .00000136  00000+0 -49983-2 0  9995
2 84407  18.8844 243.1691 7191232 335.0099   2.8104  2.05642670 32044
UNKNOWN                 
1 84414U          20045.28466913  .00019236  00000+0  10348-2 0  9999
2 84414  65.2111 100.8496 4390373  24.3885 351.3299  6.74911479 82589
UNKNOWN                 
1 84415U          20042.69866657  .00003854  00000+0  11435-2 0  9998
2 84415  23.8150 262.8045 5638862 193.3150 141.4725  4.55988046 65363
UNKNOWN                 
1 84452U          20045.23567506  .00006519  00000+0  48861-3 0  9998
2 84452   2.9729 331.6484 6427147 198.7479 117.8524  3.45863559 75311
UNKNOWN                 
1 84479U          20034.26611137  .00022644  00000-0  48805-2 0  9993
2 84479  23.5115 111.8567 5267488 250.2642  47.3659  5.16506683 44036
UNKNOWN                 
1 84481U          20041.69274807  .00000323  00000-0  21916-3 0  9995
2 84481  64.7551 294.1680 5929992   4.0269 359.2474  4.05264825 48485
UNKNOWN                 
1 84565U          20038.61389983  .00001191  00000-0  19853-2 0  9998
2 84565   2.0582 147.5253 7244190 161.0944 253.3554  2.27366375 14829
UNKNOWN                 
1 84575U          20044.79249092 -.00000286  00000+0 -60358-2 0  9992
2 84575  18.1202 146.2250 7132979 162.3144 248.7241  2.19809093 18620
UNKNOWN                 
1 84588U          20044.41538900  .00003788  00000+0  13067-2 0  9997
2 84588   2.4935  56.5081 7060369 267.0054  17.7421  2.55342036 52108
UNKNOWN                 
1 84597U          20029.28014182  .00000720  00000+0  43331-2 0  9996
2 84597  18.6747  91.8945 7280975 257.5741  19.3248  2.17626778 21706
UNKNOWN                 
1 84624U          20028.53045304  .00082634  00000+0  69270-2 0  9998
2 84624  64.1927 183.9400 5413298  15.1743 356.1162  4.99331744 46371
UNKNOWN                 
1 84911U          20022.62550039 -.00001024  00000+0 -11384-1 0  9995
2 84911   1.8908  73.5813 6568436  53.7798 335.0296  2.95732580 66859
UNKNOWN                 
1 84932U          20045.39667250 -.00000323  00000+0 -30031-2 0  9993
2 84932   2.4594 300.9417 6562981 309.2383 156.6728  2.98902979 68049
UNKNOWN                 
1 84950U          20045.52757800 -.00000059  00000-0  00000-0 0  9996
2 84950   2.1690 294.6721 6958166  88.9131 181.8540  2.04156371 46497
UNKNOWN                 
1 84961U          20043.94061739 -.00000154  00000+0  00000+0 0  9995
2 84961  10.5601 307.2951 0127135 218.4521 140.6744  0.98642355 22442
UNKNOWN                 
1 85001U          20043.04565031  .00032054  00000+0  42675-2 0  9996
2 85001  51.4539 349.0233 2911964  21.3828 348.6959  9.38426342225636
UNKNOWN                 
1 85004U          20044.85048934  .00000108  00000+0  50933-4 0  9990
2 85004  98.2576  60.1945 0052159  64.4379  58.0254 14.35675807326232
UNKNOWN                 
1 85010U          20045.53392571  .00000364  00000+0  45960-3 0  9999
2 85010  99.4171 297.2099 0028358  42.8898  79.4687 13.70425128312066
UNKNOWN                 
1 85011U          20045.16154777  .00003265  00000+0  14809-2 0  9993
2 85011  70.9802 319.1873 0027499 216.5599 143.3652 14.22421146119386
UNKNOWN                 
1 85015U          20044.90232896  .00000021  00000+0  10778-4 0  9997
2 85015  74.0493 139.9508 0015790 237.0603 122.9045 14.59619570331834
UNKNOWN                 
1 85023U          20044.98040720  .00000770  00000+0  35195-3 0  9997
2 85023  99.8631  88.6772 0002180 227.4840 251.9650 14.25015401323247
UNKNOWN                 
1 85025U          20044.56609909  .00001147  00000-0  87578-3 0  9995
2 85025  82.5401 347.3661 0026490  42.4480 317.8727 13.92562296268641
UNKNOWN                 
1 85027U          20044.11039388 -.00000034  00000+0  43347-4 0  9997
2 85027  66.0405 270.7295 0184945 241.9016 116.3246 13.73240939312124
UNKNOWN                 
1 85047U          20043.64451556  .00000190  00000-0  69266-3 0  9991
2 85047 102.2999 359.7603 0192934 244.3812 113.7241 13.05508884295932
UNKNOWN                 
1 85061U          20044.39233486  .00004660  00000+0  22243-1 0  9997
2 85061 102.4172 192.3094 0294281 309.1144  77.1615 12.62350329285954
UNKNOWN                 
1 85100U          20045.09825525  .00000045  00000+0  23076-4 0  9991
2 85100  74.0462 189.5408 0013412 229.9819 249.3718 14.38780248327073
UNKNOWN                 
1 85106U          20045.38621400  .00000155  00000+0  23150-3 0  9999
2 85106 100.1077   8.0520 0010611  14.0851 137.8273 13.70148706311385
UNKNOWN                 
1 85111U 73086    20041.91033427  .00000089  00000-0  86522-3 0  9999
2 85111 101.5632  24.0461 0006073 132.1412 228.0176 12.50782135199305
UNKNOWN                 
1 85117U          20041.21560651  .00004223  00000+0  61778-3 0  9997
2 85117  70.0332 358.9884 0059880  65.6143 295.1238 14.75153852282293
UNKNOWN                 
1 85124U          20043.98512948  .00001976  00000+0  32011-3 0  9997
2 85124  82.2352 131.9430 0397617  34.9763 327.6855 14.29510913162921
UNKNOWN                 
1 85133U          20044.87850723  .00000638  00000+0  30576-3 0  9990
2 85133  98.9198  88.0322 0024926 328.4284  31.5397 14.22501888227674
UNKNOWN                 
1 85151U 86019    20044.48873790  .00000849  00000-0  30045-3 0  9996
2 85151  98.5167 238.6806 0016547 120.4711 239.8112 14.37028190171505
UNKNOWN                 
1 85159U          20040.94594638  .00000983  00000-0  54377-3 0  9991
2 85159  98.8389 305.2640 0079097 200.9299 158.8629 14.12095055197095
UNKNOWN                 
1 85175U          20044.27906499  .00002343  00000-0  53827-3 0  9992
2 85175 101.3784  62.2680 0156436 173.7502 186.5681 14.49798474313847
UNKNOWN                 
1 85205U          20041.90585943  .00000097  00000-0  82868-4 0  9992
2 85205  82.9545  96.2468 0038185 130.5983 349.9905 13.76359472397537
UNKNOWN                 
1 85210U 75052    20045.15133826 -.00000207  00000+0 -15962-3 0  9991
2 85210  99.8072 121.9402 0219832   0.3908  28.6078 13.68030046310867
UNKNOWN                 
1 85217U          20045.49204224  .00000294  00000+0  10555-3 0  9994
2 85217  97.9990 292.5052 0241164   6.2129 354.1951 14.25572731323914
UNKNOWN                 
1 85220U          20045.23620348  .00001773  00000+0  52659-3 0  9993
2 85220  99.4014 145.4538 0182842  46.4642 315.1566 14.35471072325244
UNKNOWN                 
1 85237U          20043.25163431  .00000002  00000+0  28465-4 0  9999
2 85237  65.5406 272.9321 0614096 256.8907  96.2964 13.79334192313131
UNKNOWN                 
1 85238U          20044.77013013 -.00000022  00000+0  15480-4 0  9994
2 85238  98.8062  36.1768 0063036 216.1257 318.3577 13.87916643315487
UNKNOWN                 
1 85246U          20045.45733639  .00000190  00000+0  88993-4 0  9996
2 85246  97.9956 221.6712 0240836  49.3317 312.8521 14.15246167321615
UNKNOWN                 
1 85266U          20045.02256416  .00002187  00000+0  12536-2 0  9990
2 85266  62.7233 313.8547 3678071 124.0700 276.5280  7.73016060175226
UNKNOWN                 
1 85283U 78098    20040.21591954  .00001908  00000+0  47954-3 0  9999
2 85283  99.7008 315.5008 0032319  32.0196 328.2950 14.52409724230587
UNKNOWN                 
1 85292U          20045.08795149  .00001090  00000+0  31402-3 0  9992
2 85292  65.8328 306.3916 0055565  13.0472 347.2050 14.48015576878051
UNKNOWN                 
1 85370U          20045.38314907  .00000308  00000+0  32608-3 0  9991
2 85370  99.9829 105.1037 0010188 179.2045 241.7257 13.83211220314474
UNKNOWN                 
1 85373U          20044.26282203  .00000943  00000+0  79341-3 0  9993
2 85373 100.3896 147.8945 0052336  28.2699   1.1741 13.90416791315552
UNKNOWN                 
1 85383U          20045.13915900  .00000834  00000+0  25376-3 0  9996
2 85383  98.6819 115.2584 0107538 280.2365  78.6711 14.41612891278066
UNKNOWN                 
1 85386U          20044.02657701  .00000921  00000+0  25770-3 0  9993
2 85386  98.6502 125.0260 0118317 230.6996 255.3747 14.44652358328103
UNKNOWN                 
1 85430U          20021.86902543 -.00000074  00000-0  00000+0 0  9993
2 85430  67.2351 359.9023 0009573 357.1340   2.9687 13.94365943   317
UNKNOWN                 
1 85431U          20021.86759573 -.00000075  00000-0  00000+0 0  9998
2 85431  67.1731 359.8537 0019827 304.8192  55.1025 13.95094039   317
UNKNOWN                 
1 87001U          20045.44517975  .00002935  00000+0  13769-1 0  9994
2 87001 105.1184  34.3130 0086604 131.0743 229.7848 12.75754789288233
UNKNOWN                 
1 87011U          20045.48045952 -.00000087  00000+0 -43659-4 0  9992
2 87011  67.0361  73.8539 0263951 358.5906   1.4368 13.27648990302072
UNKNOWN                 
1 87013U          20025.16232376 -.00000805  00000+0 -92160-3 0  9993
2 87013  65.5076 293.6254 1317776 280.2678  65.2649 11.83299693124860
UNKNOWN                 
1 87014U          20045.04459730  .00000647  00000+0  12252-2 0  9993
2 87014 100.4997 244.1751 0055692 288.1055 225.3653 13.42110131304653
UNKNOWN                 
1 87021U          20045.58094013  .00377431  27133-4  27406-2 0  9995
2 87021  63.2506 130.1106 0650050 315.1190  39.9029 14.56755117201805
UNKNOWN                 
1 87027U          20032.03114484 -.00000011  00000+0  00000+0 0  9997
2 87027  64.3097  20.7251 3746589  67.9471 327.3447  6.72372688114081
UNKNOWN                 
1 87029U          20045.14478985 -.00000078  00000+0 -23055-4 0  9998
2 87029  98.9870 113.0242 0068127  47.6901 313.0010 13.99801562294875
UNKNOWN                 
1 87041U          20045.20560655 -.00000021  00000+0  16031-3 0  9997
2 87041  67.3163 125.5662 0355237 355.0459   4.7065 12.43353235285289
UNKNOWN                 
1 87042U          20042.91610371  .00000357  00000+0  25346-3 0  9994
2 87042  98.9375 116.3969 0044433 297.8580  61.8088 14.03514315254814
UNKNOWN                 
1 87051U          20045.50157263  .00000069  00000+0  57820-4 0  9991
2 87051  65.7282 231.5005 0761837  13.5738 348.4587 13.35724367303677
UNKNOWN                 
1 87053U          20045.18215560  .00036386  11223-5  10280-2 0  9995
2 87053  63.0888 330.1323 2712006  49.7697 331.0752  9.98978356216984
UNKNOWN                 
1 87054U          20044.66667203  .00000864  00000+0  62917-3 0  9995
2 87054 100.0864  27.0837 0012747 223.0576 136.9588 13.99450551317742
UNKNOWN                 
1 87065U          20045.30353620  .00000883  00000+0  11411-2 0  9997
2 87065  98.7204 165.2507 0337180 330.7696  27.4934 13.43525492230372
UNKNOWN                 
1 87071U          20045.17148864 -.00000014  00000+0  47989-4 0  9999
2 87071  61.2300 332.6831 0559442 304.9098  50.0548 13.65011929310604
UNKNOWN                 
1 87074U          20044.64660458  .00000027  00000+0  10986-3 0  9990
2 87074  66.1438  17.9540 0152278 354.2047   5.7248 13.70007780311411
UNKNOWN                 
1 87076U          20044.53030542  .00000147  00000-0  56089-3 0  9993
2 87076  67.7597 129.9860 0641356 180.5169 179.5262 12.54702688285607
UNKNOWN                 
1 87079U          20045.27036113  .00001233  00000+0  14220-3 0  9995
2 87079  70.3247 264.1866 0032494 214.7058 145.1978 14.87892913335657
UNKNOWN                 
1 87082U          20045.40409269  .00002866  00000+0  20187-3 0  9992
2 87082  97.4309  28.8322 0169984  46.5821 314.9405 14.94791202288875
UNKNOWN                 
1 87091U          20045.19621661  .00002475  00000+0  15502-3 0  9991
2 87091  65.7031 337.9656 0170222 240.4140 117.9931 15.00570696337752
UNKNOWN                 
1 87094U          20044.77093709  .00001973  00000+0  52169-3 0  9995
2 87094  99.7883  58.7577 0131287 218.8738 140.2951 14.45294248326615
UNKNOWN                 
1 87107U          20043.27167455  .00008282  00000+0  64026-3 0  9999
2 87107  98.9075  62.2975 0021494 316.3116  43.6403 15.01649390289945
UNKNOWN                 
1 87113U          20045.40112160  .00000466  00000+0  94793-4 0  9997
2 87113  65.6665  43.8736 0377340 231.8520 280.5278 14.34995321325263
UNKNOWN                 
1 87129U          20045.00969352  .00000060  00000+0  78020-3 0  9997
2 87129 102.4099  76.1091 0029563  39.4350 320.8858 12.41944390282336
UNKNOWN                 
1 87134U          20043.52039141 -.00000754  00000-0 -11869-2 0  9992
2 87134  66.6743  57.2994 0462864 198.7021 159.6509 13.09281414297322
UNKNOWN                 
1 87143U          20044.12422537  .00000021  00000-0  00000-0 0  9992
2 87143  26.1934 307.3232 3740576 351.5210   3.6044  6.74291994153501
UNKNOWN                 
1 87149U          20044.42381177 -.00001710  00000-0 -15307-2 0  9991
2 87149  62.9396 313.5266 3272837 218.3122 113.3197  8.35264409189030
UNKNOWN                 
1 87159U          20043.58867904  .00000557  00000+0  69253-3 0  9990
2 87159  90.3076 359.3443 0122317  65.9708 295.4194 13.60564385266637
UNKNOWN                 
1 87163U          20045.29997475 -.00000061  00000+0  13819-4 0  9991
2 87163  65.6040   7.2747 0720123 270.2215  81.6404 13.50081229289282
UNKNOWN                 
1 87164U          20045.21005961  .00000472  00000+0  16068-3 0  9997
2 87164  65.2040 263.4018 0153950 222.8249 136.0768 14.40220181328110
UNKNOWN                 
1 87180U          20045.34068921  .00000686  00000+0  69294-3 0  9990
2 87180  65.9173 307.2495 0034508 267.8769  91.8347 13.83460700314183
UNKNOWN                 
1 87203U          20045.09273460  .00001050  00000+0  26589-3 0  9990
2 87203  98.8959 277.8567 0066459 331.9083  27.8530 14.51962279242570
UNKNOWN                 
1 87204U          20044.86366003  .00000399  00000+0  20518-3 0  9992
2 87204  98.7486 277.8022 0052435  21.5387 338.7979 14.20109257322653
UNKNOWN                 
1 87211U          20044.85828882  .00000235  00000+0  10429-3 0  9996
2 87211  99.0649 276.7969 0067710 272.1669 146.1584 14.31374258402292
UNKNOWN                 
1 87213U          20044.02302291  .00001673  00000+0  24118-3 0  9995
2 87213  99.0252 122.9055 0065912 306.9164  52.6015 14.76522364246186
UNKNOWN                 
1 87214U          20045.35151733  .00000722  00000+0  75156-3 0  9998
2 87214 100.3111 185.1940 0077221 293.5589  65.7461 13.78253595306645
UNKNOWN                 
1 87222U          20044.25779251  .00004366  00000-0  30734-3 0  9998
2 87222  98.9886 219.8035 0069040 228.9080 305.1402 15.03819619427716
UNKNOWN                 
1 87228U          20042.08199142  .00001630  00000-0  62069-3 0  9995
2 87228  98.9246 135.1515 0046019 247.5137 112.1169 14.31761294300144
UNKNOWN                 
1 87235U          20045.14308811  .00000640  00000+0  25763-3 0  9997
2 87235  98.8962 165.5718 0154291 260.6376  97.7330 14.25449548281628
UNKNOWN                 
1 87237U          20045.25272084  .00000095  00000+0  11028-3 0  9996
2 87237  99.4711  53.7078 0105063 244.0806 178.7252 13.89824220315953
UNKNOWN                 
1 87239U          20044.70917952  .00000912  00000+0  38618-3 0  9999
2 87239  82.8852  31.4101 0032607  80.6189 279.8679 14.24250409323180
UNKNOWN                 
1 87245U          20044.51726986  .00000187  00000-0  76554-4 0  9997
2 87245  65.6617 196.1130 0517260  61.0190 359.0631 13.92762071316216
UNKNOWN                 
1 87256U          20044.39960517  .00000290  00000+0  20244-3 0  9993
2 87256  98.9178 117.9261 0044979 258.5136 101.0980 14.05951179284300
UNKNOWN                 
1 87271U          20045.25796578  .00000843  00000+0  23214-3 0  9994
2 87271  65.7767 344.2809 0555640  59.7198 305.7654 13.87454431314894
UNKNOWN                 
1 87280U          20044.55890550  .00000014  00000-0  15451-3 0  9996
2 87280  64.6169  90.6279 0100113  32.9238 327.7982 13.46778432246976
UNKNOWN                 
1 87293U          20045.59136283  .00000343  00000+0  11521-3 0  9999
2 87293  65.9086 237.4681 0521355  49.1722 315.3357 13.92003501316159
UNKNOWN                 
1 87300U          20044.28663240  .00000310  00000-0  27996-3 0  9999
2 87300 100.0580 167.2457 0034536 164.3244 195.8990 13.92374636316286
UNKNOWN                 
1 87304U          20043.93648573  .00000122  00000+0  26982-4 0  9991
2 87304  74.0201 135.3218 0022296 283.5647  76.3039 14.67934537333496
UNKNOWN                 
1 87305U          20043.29340281  .00000984  00000+0  20232-3 0  9993
2 87305  73.9982   4.9897 0037250 307.8991  51.8808 14.61633112161730
UNKNOWN                 
1 87313U          20043.54795558  .00000021  00000-0  72012-4 0  9998
2 87313  65.8425 108.8034 0218951 306.5718  51.5376 13.88526193315501
UNKNOWN                 
1 87320U          20044.76829083  .00000343  00000+0  27114-3 0  9990
2 87320  66.5975  74.1266 0455834 318.3551  38.3616 13.61635371303336
UNKNOWN                 
1 87328U          20044.98431786  .00000863  00000+0  10694-3 0  9993
2 87328  65.7597 258.9087 0259716 321.3343  36.9416 14.68080860332184
UNKNOWN                 
1 87331U          20045.48801599  .00003956  00000+0  16088-3 0  9995
2 87331  66.9057  71.4518 0019367 340.0502  19.9886 15.25676796343772
UNKNOWN                 
1 87333U          20044.63572417 -.00000010  00000+0  58895-4 0  9999
2 87333  66.5381  22.6000 0022056 150.7180 209.5135 13.85819389315236
UNKNOWN                 
1 87334U          20045.43209017  .00000521  00000+0  71105-3 0  9996
2 87334  89.9851 271.7564 0064996 175.8881 184.2821 13.56859402 95105
UNKNOWN                 
1 87335U          20045.60835980  .00002311  00000+0  31450-2 0  9997
2 87335  89.9746 271.2831 0083089 159.8327 200.6143 13.57427626 95157
UNKNOWN                 
1 87342U          20045.56682519  .00003758  00000+0  60229-1 0  9999
2 87342 102.6640 268.2522 0752031  34.1639 330.5488 11.26559439255521
UNKNOWN                 
1 87350U          20044.54760164  .00000381  00000-0  13503-3 0  9993
2 87350  98.0859 301.0771 0255432  57.7803 304.7866 14.22766368323124
UNKNOWN                 
1 87359U          20045.40734931  .00000129  00000+0  23354-3 0  9995
2 87359  65.8491 188.8535 0141246 215.9113 143.2390 13.66663252311990
UNKNOWN                 
1 87382U          20044.88322404  .00009794  00000+0  18551-2 0  9999
2 87382  70.9695 125.6730 0030246 244.6287 115.1729 14.64206098243159
UNKNOWN                 
1 87397U          20045.25124219  .00002070  00000+0  40011-3 0  9998
2 87397  81.2390 238.3110 0012276 318.7871  41.2401 14.63077278244412
UNKNOWN                 
1 87405U          20043.90813151  .00001092  00000-0  89120-3 0  9996
2 87405  82.7586 283.4679 0055705 295.9803  63.5628 13.88218820315098
UNKNOWN                 
1 87415U          20045.32117087  .00000924  00000+0  87572-3 0  9991
2 87415  65.3561 158.5312 0012314  86.5613 273.6860 13.86058673314690
UNKNOWN                 
1 87416U          20043.49316725  .00001219  00000-0  51287-3 0  9991
2 87416  82.8370 319.3991 0015948 140.1796 220.0561 14.25037379304527
UNKNOWN                 
1 87423U          20045.29549249  .00002830  00000+0  33676-3 0  9999
2 87423  98.8240 353.9708 0057155 238.4808 121.0812 14.84196319243682
UNKNOWN                 
1 87426U          20045.16016383  .00000391  00000+0  24936-3 0  9995
2 87426  65.8091 232.2170 0086931 321.9061 148.2943 14.12746497320825
UNKNOWN                 
1 87433U          20044.28841912  .00000496  00000-0  10659-2 0  9992
2 87433 100.2828 169.3842 0043966 300.1768  59.5004 13.35241269147971
UNKNOWN                 
1 87442U          20044.94672067  .00085267  00000+0  91495-2 0  9993
2 87442  62.0508 197.7940 0382340 121.3684 242.5385 14.46893642139324
UNKNOWN                 
1 87448U          20044.64571366  .00000671  00000+0  64763-3 0  9991
2 87448 100.4232 341.7221 0068619 279.4232  79.9166 13.83363475314306
UNKNOWN                 
1 87455U          20044.45505315  .00006968  00000-0  34841-3 0  9999
2 87455  63.3877 328.6859 3002577 249.5906  76.0253  9.34712370207070
UNKNOWN                 
1 87456U          20044.96092279  .00000199  00000+0  59088-4 0  9996
2 87456  65.7910 169.1868 0625145 354.5270   4.9168 13.85524806314770
UNKNOWN                 
1 87468U          20043.56974675  .00000917  00000-0  11990-3 0  9991
2 87468  74.0160 154.8430 0067278 100.0975 260.7801 14.80516132163724
UNKNOWN                 
1 87491U          20043.93300522  .00001503  00000+0  38847-3 0  9993
2 87491  98.6670  91.5851 0074422 188.2106 171.7875 14.49836334272496
UNKNOWN                 
1 87501U          20045.51102171  .00002976  00000+0  97221-3 0  9997
2 87501  74.0351 229.9572 0026341 103.4696 256.9396 14.38800079161080
UNKNOWN                 
1 87517U          20044.42820691  .00000137  00000-0  73083-4 0  9996
2 87517  65.8285 286.4284 0739809 238.6478 302.3306 13.45147075305464
UNKNOWN                 
1 87518U          20043.45127858  .00031749  00000-0  85280-3 0  9998
2 87518  65.7921 115.1890 0017129 285.1255  74.7994 15.37649034928487
UNKNOWN                 
1 87520U          20044.96986432  .00000998  00000+0  23831-2 0  9993
2 87520 101.6317  44.8572 0187060 287.2261  70.8453 13.20132614298899
UNKNOWN                 
1 87521U          20044.48400957  .00000467  00000+0  10263-3 0  9991
2 87521  63.3725 213.6630 2328644 312.1422  30.3304 10.45443727187619
UNKNOWN                 
1 87541U          20044.21285508 -.00000137  00000-0 -18488-3 0  9991
2 87541  99.9233 313.9148 0060755 350.5284 168.5745 13.34820909297868
UNKNOWN                 
1 87553U          20045.42287671  .00000209  00000+0  10679-3 0  9992
2 87553  65.6752  36.6426 0731601  86.8349 281.6071 13.41432512304989
UNKNOWN                 
1 87557U          20045.05737283  .00001016  00000+0  29577-2 0  9997
2 87557 101.8067 354.2821 0093972 324.6641  34.8260 13.11211515284781
UNKNOWN                 
1 87561U          20043.46807888 -.00000045  00000+0  30193-5 0  9995
2 87561 102.2657 110.8901 0176058 213.5796 157.9986 12.32219058280066
UNKNOWN                 
1 87565U          20045.34121124 -.00000295  00000+0 -14301-3 0  9999
2 87565  99.9551 181.4116 0183903 137.1089 224.4583 14.00264128318217
UNKNOWN                 
1 87569U          20045.46678508 -.00000045  00000+0  91083-5 0  9995
2 87569 101.7968 135.8642 0056272 130.8349 291.8325 12.68464644288618
UNKNOWN                 
1 87574U          20045.41402729  .00006440  00000+0  10319-2 0  9990
2 87574  74.0000 200.5555 0067437  32.2156 328.3106 14.70390918219177
UNKNOWN                 
1 87587U          20044.39822385  .00000013  00000+0  12890-4 0  9992
2 87587  74.0236  74.9567 0022240 267.1726  92.6882 14.38811014327477
UNKNOWN                 
1 87590U          20042.89136751  .00000167  00000-0  12569-3 0  9997
2 87590  99.0407  78.0487 0028079 147.1107 339.9477 14.07429607855315
UNKNOWN                 
1 87591U          20044.67626499  .00000727  00000+0  36028-3 0  9996
2 87591  81.2221 180.6945 0031916 175.3435 184.8043 14.16032672271313
UNKNOWN                 
1 87594U          20045.50904247 -.00000126  00000+0 -57327-4 0  9993
2 87594  63.1316  86.0872 0088618  85.3757 275.7381 13.44775554305930
UNKNOWN                 
1 87616U          20045.32381706  .00000214  00000+0  90337-3 0  9990
2 87616  66.0403   3.3944 0649102 323.5595 200.6168 12.44535494271189
UNKNOWN                 
1 87624U          20044.69583952  .00000206  00000+0  58522-4 0  9997
2 87624  98.7772 212.9145 0129910 278.9836  79.6673 14.52171053270262
UNKNOWN                 
1 87632U          20045.57428736  .00000013  00000+0  20127-3 0  9997
2 87632  86.1465 252.1194 1857482  64.7982 313.3686  8.78003511145444
UNKNOWN                 
1 87642U          20044.81949657  .00001805  00000+0  12206-3 0  9993
2 87642  62.2281 176.6402 0193685  31.6498 329.6067 14.96857055331740
UNKNOWN                 
1 87656U          20043.89976134  .00001549  00000+0  39738-3 0  9999
2 87656  99.1351 104.3358 0013275 284.4362  75.5358 14.51844175690090
UNKNOWN                 
1 87664U          20034.37987661  .00000396  00000+0  11807-2 0  9993
2 87664  99.7504  90.7984 0219407 196.3977 226.4125 13.05979308262017
UNKNOWN                 
1 87672U          20045.18469119  .00000358  00000+0  19511-3 0  9995
2 87672  70.8600 233.1710 0066665 250.4208 108.9710 14.17814355322080
UNKNOWN                 
1 87681U          20045.09824519  .00000050  00000+0  13499-3 0  9992
2 87681  66.7375  75.8758 0155244 127.2411 234.2934 13.66646186310632
UNKNOWN                 
1 87690U          20045.27744042  .00000659  00000+0  13538-3 0  9993
2 87690  65.8017 348.4703 0677747  24.7092 338.4890 13.76948763312780
UNKNOWN                 
1 87692U          20045.42971041  .00008136  00000+0  84151-3 0  9990
2 87692  70.8646  47.4981 0012225 264.4213  95.5554 14.90322912333669
UNKNOWN                 
1 87706U          20045.09126365  .00000252  00000+0  73966-4 0  9994
2 87706  98.4871 153.5959 0136361 277.6902 209.1804 14.47481233269533
UNKNOWN                 
1 87725U          20044.84599929  .00000784  00000+0  26349-3 0  9999
2 87725  82.8954 251.1042 0033018 283.6860  76.0655 14.35846061325636
UNKNOWN                 
1 87727U          20044.48681602  .00004029  00000+0  81821-3 0  9993
2 87727  70.9870  75.1297 0028929 244.9685 114.8458 14.61513846329906
UNKNOWN                 
1 87730U          20044.64655996  .00000038  00000+0  23900-4 0  9993
2 87730  82.9466   8.8410 0029914 173.3759 186.7798 13.74144458292902
UNKNOWN                 
1 87732U          20043.78248679  .00016353  00000-0  98100-3 0  9996
2 87732  98.6994 236.2395 0058618 333.5452  26.2784 15.09587245246419
UNKNOWN                 
1 87737U          20045.05113620 -.00000035  00000+0  11974-4 0  9995
2 87737  99.6831 262.6931 0133101 309.3200  49.6208 13.71977635311930
UNKNOWN                 
1 87764U          20045.48169161  .00000416  00000+0  12015-3 0  9991
2 87764  65.6749  61.4141 0483801  44.9893  28.1191 14.03257145318498
UNKNOWN                 
1 87771U          20045.19801697 -.00000052  00000+0 -16513-4 0  9990
2 87771 100.5596 180.8518 0121055 154.2232 206.4981 13.18971257254434
UNKNOWN                 
1 87782U          20044.60686815  .00001026  00000+0  41573-2 0  9992
2 87782 102.4091 355.3570 0048234 206.2177 153.6469 12.89208888292725
UNKNOWN                 
1 87784U          20045.54296677  .00035420  00000+0  18757-2 0  9994
2 87784  62.1594 233.6471 1243027 247.1510  99.3699 12.93047146134020
UNKNOWN                 
1 87817U          20044.75016176  .00001272  00000+0  11755-3 0  9997
2 87817  62.7667 213.4407 0127458 265.1300  93.5232 14.94327191366811
UNKNOWN                 
1 87818U          20044.96255615  .00008897  00000+0  17446-2 0  9996
2 87818  61.8806 277.3285 3887554 146.6267 245.4734  7.51690797118986
UNKNOWN                 
1 87841U          20045.01441463  .00000444  00000+0  26499-3 0  9996
2 87841 102.8889 329.9341 0198728 238.6923 119.4638 14.06476280319053
UNKNOWN                 
1 87843U          20044.00348872 -.00000243  00000+0 -50359-3 0  9997
2 87843  99.6666 323.2035 0248572 279.6164  77.6947 13.09608123284899
UNKNOWN                 
1 87845U          20045.22655299  .00000472  00000+0  97130-3 0  9998
2 87845  98.8446  42.7998 0594667  87.8846 279.0198 12.83829761291690
UNKNOWN                 
1 87848U          20044.65626918  .00000091  00000+0  22538-4 0  9991
2 87848  74.0154 153.4126 0021013 327.2086  32.7776 14.65629527333092
UNKNOWN                 
1 87878U          20044.34668396  .00000367  00000-0  16531-3 0  9998
2 87878  99.1928  11.8456 0042050 311.7377  48.0209 14.28240601306564
UNKNOWN                 
1 87883U          20043.82322005  .00000034  00000+0  32544-4 0  9993
2 87883  99.3239 259.8050 0297723 232.6493 124.7218 14.11899327271526
UNKNOWN                 
1 87884U          20044.78041181  .00000208  00000+0  14075-3 0  9994
2 87884  98.5075 224.8581 0156240 306.9230  51.7711 14.04326422319443
UNKNOWN                 
1 87898U          20045.33313780  .00001139  00000+0  44218-3 0  9994
2 87898  98.9416 243.3084 0135826 344.0970  15.5965 14.27033412323461
UNKNOWN                 
1 87934U          20043.37118082  .00000037  00000-0  23382-4 0  9992
2 87934  82.9340  73.5375 0030470 194.1875 177.4089 13.72767245312004
UNKNOWN                 
1 87942U          20045.52335081  .00000645  00000+0  78262-4 0  9991
2 87942  99.0964 253.9059 0148818  43.6669 347.5253 14.80528193329774
UNKNOWN                 
1 87970U          20045.38534159  .00009648  00000+0  55078-3 0  9994
2 87970  99.0357 207.7058 0042476 124.6097 235.9146 15.12241747287020
UNKNOWN                 
1 87972U          20043.98631308  .00003409  00000-0  12912-2 0  9993
2 87972  98.8123 315.3211 0172011 113.2784 248.6604 14.23967805271319
UNKNOWN                 
1 87991U          20045.38623403  .00000055  00000+0  96310-5 0  9997
2 87991  28.6251 140.0933 0927033  15.2006 347.4522 12.29551561260561
UNKNOWN                 
1 87997U          20045.65001173  .00065756  37880-5  18386-2 0  9992
2 87997  63.1532 231.2233 1555682  18.3797 346.7471 12.38815602249828
UNKNOWN                 
1 87998U          20043.93198256  .00000265  00000+0  18140-3 0  9992
2 87998  98.7962 100.9469 0028855 153.9827 206.2800 14.07735339248976
UNKNOWN                 
1 88028U          20044.03523809  .00000089  00000+0  10242-2 0  9993
2 88028  21.2586 301.9077 7068571 115.9169 330.2529  2.44218532 50487
UNKNOWN                 
1 88049U          20043.06989296  .00000148  00000+0  37175-2 0  9994
2 88049  64.5734  21.5397 5454625  51.9178   6.5765  4.30578160 97851
UNKNOWN                 
1 88069U          20045.25141913  .00006900  00000+0  14564-2 0  9994
2 88069  23.0670  39.7243 5997275 235.3647  53.0459  4.04314982130211
UNKNOWN                 
1 88079U          20045.39674731  .00013602  00000+0  20980-2 0  9995
2 88079  20.6647 133.0289 4801324  83.8371 326.7708  5.95542287 99331
UNKNOWN                 
1 88096U          20045.57624119  .00001567  00000-0  12834-2 0  9996
2 88096  65.0850 138.1631 5208547 151.3976 251.4545  5.13631655145802
UNKNOWN                 
1 88107U          20043.73261682  .00000946  00000-0  13809-2 0  9990
2 88107  20.2737 184.2182 6758548  77.2666 345.4854  2.88078812 45848
UNKNOWN                 
1 88110U          20045.44597332  .00608496  00000+0  64393-2 0  9995
2 88110  23.7377 127.1080 3147123 359.2266   0.4022  9.21126601 81197
UNKNOWN                 
1 88117U          20045.52162776  .00000014  00000+0 -15010-4 0  9998
2 88117  20.3713 169.3983 4902092  31.3330 350.2984  5.58381801 98514
UNKNOWN                 
1 88153U          20034.13740994 -.00000002  00000+0  00000+0 0  9992
2 88153  63.4960   5.4956 6348715 240.1308  42.9509  2.98406935 55180
UNKNOWN                 
1 88173U          20044.26536779  .00000348  00000+0  27200-3 0  9990
2 88173  99.1605 333.2609 0157137 170.5187 189.9000 13.93075926304131
UNKNOWN                 
1 88203U          20039.65088512  .00026961  00000-0  30603-2 0  9998
2 88203  64.5952 268.2005 5916708   5.9701 358.8585  4.19312689 57800
UNKNOWN                 
1 88216U          20043.49266403 -.00000624  00000+0 -21844-2 0  9992
2 88216  21.7659  92.6199 6638157 127.7313 312.8794  2.97474060 51237
UNKNOWN                 
1 88230U          20042.76331365  .00006651  00000-0  28258-2 0  9998
2 88230  49.0060 167.4377 5580718  90.2463 330.3358  4.62346952 79579
UNKNOWN                 
1 88238U          20043.70607282  .00001180  00000+0  10849-2 0  9993
2 88238  21.4567 247.9504 7046973 202.0216  98.8276  2.53481784 50799
UNKNOWN                 
1 88241U          20045.34994896  .00007168  00000+0  15134-2 0  9993
2 88241  62.4979  75.9135 4057691 145.2658 249.6700  7.20517334127498
UNKNOWN                 
1 88255U          20045.42932633  .00016181  00000+0  77929-3 0  9994
2 88255  20.3142 140.3106 4806042  92.3947 321.2155  6.03295619105719
UNKNOWN                 
1 88269U          20033.46971993  .00000049  00000+0  00000+0 0  9990
2 88269  62.8940 179.0273 4661169 272.8742  38.7055  5.35415355121422
UNKNOWN                 
1 88270U          20036.15372886 -.00000189  00000-0  19968-3 0  9991
2 88270  49.3629 347.2247 6503874 325.7606   5.7321  3.14190299 57245
UNKNOWN                 
1 88271U          20034.46886709  .00000235  00000+0  22347-1 0  9991
2 88271  64.1292 140.6145 5492464 260.6020  87.2294  3.90222207 88446
UNKNOWN                 
1 88288U          20044.95035610  .00174643  00000+0  50407-2 0  9995
2 88288  20.6826 282.8324 4465775 176.4636 188.3236  6.65842100 10633
UNKNOWN                 
1 88313U          20044.66278171  .00000125  00000+0  37999-3 0  9998
2 88313  20.1489 224.8435 6833544   5.1171 359.2352  2.78465736 61795
UNKNOWN                 
1 88323U          20044.39267982 -.00000018  00000+0  00000+0 0  9998
2 88323  18.1475 171.4981 6617243 176.7990 191.8165  1.96382978 35407
UNKNOWN                 
1 88342U          20045.18024969  .00002092  00000+0  13814-2 0  9996
2 88342  20.9206  19.5373 5212740  58.5606 342.1993  5.15722361 87115
UNKNOWN                 
1 88355U          20044.34937468  .00000005  00000-0  00000-0 0  9998
2 88355  19.8660 191.9850 6970459  44.7528 353.6628  2.24713073 37747
UNKNOWN                 
1 88700U          20043.75850410 -.00000705  00000-0  00000-0 0  9995
2 88700  71.3407 215.6811 6396972 156.4721 255.2738  2.03941604165990
UNKNOWN                 
1 88703U          20029.15090772  .00000809  00000+0  00000+0 0  9995
2 88703  71.7179 185.4534 5930437 215.9137  83.9069  2.00792258 45367
UNKNOWN                 
1 88710U          20039.05871867  .00000080  00000-0 -81459-6 0  9992
2 88710  63.4904 252.1278 5694327 250.4195 336.5844  4.16111017421711
UNKNOWN                 
1 88716U          20042.78830416 -.00000047  00000-0 -21923-3 0  9998
2 88716  63.6383 218.9944 3879621 318.1509  24.2755  6.85071414383624
UNKNOWN                 
1 89003U          20040.42668978  .00000028  00000-0  19133-4 0  9997
2 89003  74.0490 322.6178 0016418 190.5920 169.4889 14.34617113702725
UNKNOWN                 
1 89005U          20045.34261678  .00000347  00000+0  10606-3 0  9999
2 89005  97.9062  12.0886 0223802   7.9893 352.4763 14.34099752228281
UNKNOWN                 
1 89029U          20044.26149391  .00000210  00000-0  36524-4 0  9990
2 89029  98.2599 230.4109 0031296  15.6946 344.5226 14.78146995335543
UNKNOWN                 
1 89037U          20044.47983326  .00000737  00000+0  46622-3 0  9998
2 89037  98.4015  57.1969 0140373  78.2682 283.4196 14.02002336223162
UNKNOWN                 
1 89048U          20045.30795168  .00001905  00000+0  47420-3 0  9993
2 89048  98.9120 228.8027 0013174 307.0869  52.9120 14.52918016328210
UNKNOWN                 
1 89067U          20044.81859220  .00002052  00000+0  69332-4 0  9990
2 89067  80.9881  80.1865 0615286 276.4257  76.7256 14.34834365274372
UNKNOWN                 
1 89074U          20044.36661014  .00001073  00000-0  13430-2 0  9999
2 89074 100.2957  10.8321 0059483 342.5632 173.7465 13.66275280297611
UNKNOWN                 
1 89091U          20040.31468537  .00000178  00000-0  16272-3 0  9997
2 89091  82.9447 157.6299 0031816 253.9013 105.8641 13.77864908299574
UNKNOWN                 
1 89101U          20044.81193408 -.00000366  00000+0 -97245-3 0  9999
2 89101 100.2226  48.1318 0147619 192.6177 167.1217 13.03574414277429
UNKNOWN                 
1 89123U          20045.13723545  .00001123  00000+0  57859-3 0  9997
2 89123  99.0742 118.6862 0068328 194.6501 165.2693 14.16085143225106
UNKNOWN                 
1 89127U          20044.54280755  .00002241  00000-0  26495-3 0  9991
2 89127  74.0705 241.6222 0046950 127.3488 233.1982 14.84502986175466
UNKNOWN                 
1 89132U          20043.80676238  .00000907  00000-0  80357-3 0  9994
2 89132  63.3835 331.9758 3077342 317.1593  22.6071  8.71554366138313
UNKNOWN                 
1 89135U          20045.50181754  .00000833  00000+0  43488-3 0  9991
2 89135  71.0492 106.4764 0141062 254.6574 103.8923 14.12345036320736
UNKNOWN                 
1 89140U          20044.84922146  .00007597  00000+0  25261-2 0  9993
2 89140  98.7741  68.9176 0009059 276.1194  83.8960 14.37947136183203
UNKNOWN                 
1 89142U          20044.66863840  .00009004  00000+0  65879-2 0  9994
2 89142  64.8705 181.5591 3404491 340.7999   9.0105  8.16591499126840
UNKNOWN                 
1 89143U          20045.60588298  .00011116  00000+0  26731-2 0  9992
2 89143  65.0902 246.8980 0725043 354.3951   4.9284 13.56690179100855
UNKNOWN                 
1 89146U          20045.32978971  .00000278  00000+0  80690-4 0  9998
2 89146  98.1049 359.6416 0121106 128.6637 232.5468 14.47282839320057
UNKNOWN                 
1 89158U          20045.32908941  .00001631  00000+0  20414-3 0  9992
2 89158  98.8363   8.4409 0096734 204.5895 155.0687 14.80721479174914
UNKNOWN                 
1 89161U          20045.37130447  .00000411  00000+0  66238-4 0  9999
2 89161  97.8330  98.7511 0135133 210.0039 149.3376 14.70903356232883
UNKNOWN                 
1 89171U          20043.72265217  .00002626  00000-0  27597-3 0  9996
2 89171  99.0106 144.0944 0064957 284.8399  74.5625 14.89030291236189
UNKNOWN                 
1 89172U 81053    20045.12242907  .00001231  00000+0  29774-3 0  9990
2 89172  82.0837 334.3709 0425111  84.2481 280.6985 14.09170813299863
UNKNOWN                 
1 89177U          20041.77048273  .00000029  00000-0  15116-4 0  9996
2 89177  82.9192  49.1938 0031478 314.1117  45.7449 13.73371057770307
UNKNOWN                 
1 89183U          20044.29021844  .00000231  00000+0  24984-3 0  9994
2 89183  99.1531 346.4042 0134863  50.0549 311.2361 13.78895388313295
UNKNOWN                 
1 89184U          20044.97890883  .00000830  00000+0  28927-3 0  9993
2 89184  98.5057 239.2053 0019918 124.2879 236.0197 14.37818492184009
UNKNOWN                 
1 89195U          20044.42718942  .00000579  00000+0  27572-3 0  9995
2 89195  98.8337 100.0186 0028474 292.5304  67.2860 14.23108201224041
UNKNOWN                 
1 89206U          20045.26099002  .00000896  00000+0  40890-3 0  9990
2 89206  98.7550  63.9735 0030277 244.1422 115.6633 14.23860489182249
UNKNOWN                 
1 89213U          20045.30003248  .00000022  00000+0  41345-4 0  9998
2 89213  98.8302 352.8200 0233545 179.3777 180.7717 13.88943095157013
UNKNOWN                 
1 89218U          20042.00286809  .00000332  00000-0  35726-3 0  9993
2 89218 100.3440 125.0969 0106520  82.6271 278.6969 13.79397767840686
UNKNOWN                 
1 89255U          20045.34024896  .00000254  00000+0  37672-3 0  9994
2 89255  98.6410  90.9182 0365089  73.7237 290.3723 13.36868844210413
UNKNOWN                 
1 89261U          20044.41784856  .00000079  00000-0  39185-4 0  9995
2 89261  98.3198 100.3318 0014885 110.0369 250.2423 14.39009268227313
UNKNOWN                 
1 89281U          20042.92553633  .00001371  00000-0  43107-3 0  9992
2 89281  99.3405  74.6494 0016506 348.6221 131.9826 14.42204122326416
UNKNOWN                 
1 89285U          20045.56106780  .00039200  00000+0  20947-2 0  9993
2 89285  62.9131 190.0481 2405259  56.5245 324.2947 10.52357261119715
UNKNOWN                 
1 89304U          20045.47291778  .00000205  00000+0  23190-2 0  9993
2 89304  85.1857 232.4550 2481266  72.8711 333.8690  8.83762543249155
UNKNOWN                 
1 89314U          20045.30388611  .00000366  00000+0  96265-3 0  9991
2 89314  19.4861 353.6441 7158773  68.7965 350.0563  2.36025121 36745
UNKNOWN                 
1 89327U          20044.30355457  .00000280  00000+0  23137-3 0  9999
2 89327  82.5319 241.6242 0010725  28.6724 331.5025 13.85850229179283
UNKNOWN                 
1 89341U          20045.63318801  .00007044  00000-0  20993-3 0  9997
2 89341  98.1597 357.8072 0012568 147.4646 212.7372 15.34975414293586
UNKNOWN                 
1 89347U          20044.66892453  .00003863  00000+0  81548-3 0  9992
2 89347  86.2906 195.6305 0036219 253.9895 166.4123 14.58756030185797
UNKNOWN                 
1 89349U          20045.20576556  .00000466  00000+0  16244-2 0  9994
2 89349  90.2978 316.3463 0031493  89.6648 270.8080 12.95429707203104
UNKNOWN                 
1 89379U          20044.43834039  .00000760  00000+0  13293-2 0  9992
2 89379 100.4875 267.2610 0050348 242.6311 116.9690 13.46717561292989
UNKNOWN                 
1 89381U          20044.50576173  .00003724  00000-0  77092-3 0  9997
2 89381  98.7942 148.9282 0081141 256.6928 102.5211 14.58888656164199
UNKNOWN                 
1 89389U          20044.10541429  .00000850  00000-0  13736-3 0  9999
2 89389  74.0501 293.1063 0085142 170.0245 190.2644 14.70709734228616
UNKNOWN                 
1 89390U          20043.12232113  .00003841  00000+0  41834-3 0  9991
2 89390  98.9711 104.7828 0042073 259.7997  99.8470 14.88101787315810
UNKNOWN                 
1 89391U          20045.32262256  .00000924  00000+0  94577-4 0  9999
2 89391  97.4028 247.8099 0207240 297.3984  60.6280 14.78398523110349
UNKNOWN                 
1 89395U          20044.10901597  .00000127  00000-0  19019-2 0  9998
2 89395 102.4264 109.6938 0226622 149.6519 240.6941 12.01110137269028
UNKNOWN                 
1 89400U          20043.97252370  .00005947  00000+0  17811+0 0  9996
2 89400  63.1801 272.9409 2634987  83.2484 305.7924  8.18027473174948
UNKNOWN                 
1 89410U          20045.32782096  .00000258  00000+0  25006-3 0  9990
2 89410  82.9457   5.3253 0027245 160.2257 199.9963 13.75797105294387
UNKNOWN                 
1 89438U          20044.31000505  .00005966  00000+0  55149-3 0  9998
2 89438  86.3743 171.6168 0016973 189.4754 170.6157 14.94300860228508
UNKNOWN                 
1 89453U          20045.56703886  .00000903  00000+0  70910-4 0  9995
2 89453  97.2875 258.2886 0153967 171.3648 189.0280 14.94387151188344
UNKNOWN                 
1 89460U          20045.27478742  .00000494  00000+0  10700-2 0  9995
2 89460 100.3055 169.4606 0051359 302.0742  57.5401 13.34632345148904
UNKNOWN                 
1 89483U          20044.93082353  .00000727  00000+0  90308-4 0  9994
2 89483  99.4687 303.6964 0272663  68.8523 294.1583 14.63811736184674
UNKNOWN                 
1 89490U          20043.80180796  .00001365  00000+0  69310-3 0  9994
2 89490  98.3498  54.5345 0131412 315.5687  43.5003 14.13130374177924
UNKNOWN                 
1 89492U          20045.13364377 -.00000426  00000+0 -33714-3 0  9991
2 89492  82.5342 345.0896 0028074 310.3740  49.4975 13.93294367270422
UNKNOWN                 
1 89493U          20045.51534718  .00000182  00000+0  13487-3 0  9994
2 89493  99.1830  65.8441 0093091 230.0410 129.2553 14.05567829164246
UNKNOWN                 
1 89494U          20044.31056682  .00000243  00000-0  17128-3 0  9996
2 89494  99.1834  64.6368 0093311 233.4672 125.7876 14.05553524163939
UNKNOWN                 
1 89496U          20045.36248322  .00001894  00000+0  26314-3 0  9997
2 89496  98.8929  18.5516 0096760 266.5120  92.5016 14.76169478164354
