BEIJING 1               
1 28890U 05043A   20027.21678555 -.00000028  00000-0  35430-5 0  9990
2 28890  98.0085 160.3434 0016001  34.7585 325.4658 14.61278439759740
HJ-1A                   
1 33320U 08041A   20027.14230297  .00000008  00000-0  83109-5 0  9997
2 33320  97.8101  83.8715 0025703 176.5187 183.6212 14.77066660613593
HJ-1B                   
1 33321U 08041B   20027.15266909  .00000103  00000-0  21653-4 0  9999
2 33321  97.8177  86.0071 0034393 197.4252 162.5785 14.77193274613590
YAOGAN 4                
1 33446U 08061A   20027.01090817  .00000034  00000-0  11657-4 0  9993
2 33446  97.7076 348.7460 0017637  82.9777 277.3439 14.77002255600806
DEIMOS-1                
1 35681U 09041A   20027.20209936  .00000045  00000-0  14788-4 0  9990
2 35681  97.8333 266.1856 0002526 118.4374 241.7088 14.71817958563460
UK-DMC 2                
1 35683U 09041C   20027.16265089  .00000002  00000-0  77804-5 0  9990
2 35683  97.7107 237.3185 0001484  99.5604 260.5769 14.71129943563254
RISAT 1                 
1 38248U 12017A   20027.10989457  .00000382  00000-0  27425-4 0  9997
2 38248  97.5685  38.0662 0004887  32.3587 327.7941 15.09977389427157
DMC3-FM1                
1 40715U 15032A   20027.14013392 -.00000003  00000-0  72080-5 0  9998
2 40715  97.9493 283.7891 0015212 326.0972  33.9263 14.73682809244697
DMC3-FM2                
1 40716U 15032B   20027.16239142 -.00000003  00000-0  71305-5 0  9993
2 40716  97.9518 284.1238 0012681 336.2681  23.7945 14.73697038244709
DMC3-FM3                
1 40717U 15032C   20027.18555256  .00000002  00000-0  79719-5 0  9998
2 40717  97.9524 284.8501 0016122 326.9284  33.0912 14.73687109244702