BEIJING 1               
1 28890U 05043A   20046.52643362  .00000048  00000-0  19047-4 0  9999
2 28890  98.0103 179.0417 0014620 333.9358  26.1109 14.61280444762565
HJ-1A                   
1 33320U 08041A   20046.44913621 -.00000278  00000-0 -32026-4 0  9992
2 33320  97.8064 102.5561 0026345 113.1696 247.2299 14.77060792616443
HJ-1B                   
1 33321U 08041B   20046.39006696  .00000103  00000-0  21512-4 0  9995
2 33321  97.8143 104.6478 0035838 135.6644 224.7447 14.77199070616437
YAOGAN 4                
1 33446U 08061A   20046.45397186  .00000073  00000-0  17265-4 0  9995
2 33446  97.7105   7.3229 0016750  24.1135 336.0856 14.77006799603672
DEIMOS-1                
1 35681U 09041A   20046.57762630  .00000014  00000-0  97284-5 0  9995
2 35681  97.8288 284.8407 0002921  86.3359 273.8193 14.71820364566318
UK-DMC 2                
1 35683U 09041C   20046.54726265 -.00000067  00000-0 -35126-5 0  9995
2 35683  97.7099 255.6795 0001761  97.8829 262.2595 14.71132170566101
RISAT 1                 
1 38248U 12017A   20046.46003219  .00000182  00000-0  15092-4 0  9995
2 38248  97.5691  57.1786 0003122 325.1748  34.9277 15.09991435430078
DMC3-FM1                
1 40715U 15032A   20046.55901017  .00000003  00000-0  80624-5 0  9996
2 40715  97.9482 302.8198 0014251 259.2134 100.7467 14.73684866247559
DMC3-FM2                
1 40716U 15032B   20046.51337524  .00000021  00000-0  10846-4 0  9997
2 40716  97.9502 303.0935 0011564 269.2673  90.7207 14.73683355247550
DMC3-FM3                
1 40717U 15032C   20046.53647147  .00000011  00000-0  94068-5 0  9993
2 40717  97.9510 303.8222 0015244 260.4357  99.5126 14.73689264247550
