PROBA-1                 
1 26958U 01049B   20027.13546509 -.00000407  00000-0 -29477-4 0  9994
2 26958  97.6999 344.1095 0073671  17.0418 343.3276 14.95456250994070
BIRD 2                  
1 26959U 01049C   20026.30995631  .00000950  00000-0  28457-4 0  9995
2 26959  97.8592  49.9456 0006876 238.7127 121.3443 15.37336898318875
CUTE-1 (CO-55)          
1 27844U 03031E   20026.96977362  .00000026  00000-0  31179-4 0  9994
2 27844  98.6836  36.8432 0010878 106.5018 253.7356 14.22217676859885
CUBESAT XI-IV (CO-57)   
1 27848U 03031J   20025.82920223  .00000017  00000-0  27491-4 0  9998
2 27848  98.6906  36.2607 0010666 120.4023 239.8210 14.21807205859562
GENESIS 1               
1 29252U 06029A   20026.39225690  .00000274  00000-0  23478-4 0  9994
2 29252  64.5231  49.4397 0025267 195.3733 164.6626 15.18006508746385
FALCONSAT-3             
1 30776U 07006E   20026.37168530  .00002012  00000-0  55500-4 0  9993
2 30776  35.4348 114.9762 0003063 310.3909  49.6550 15.37111941714801
GENESIS 2               
1 31789U 07028A   20027.12155537  .00000033  00000-0  12191-4 0  9999
2 31789  64.5041  88.3705 0050818 259.5613  99.9781 15.17138810693572
APRIZESAT 4             
1 35684U 09041D   20027.05587682  .00000002  00000-0  81129-5 0  9990
2 35684  98.2573   1.8343 0045864 270.1553  89.4402 14.79249518566139
APRIZESAT 3             
1 35686U 09041F   20026.37491850  .00000040  00000-0  11009-4 0  9998
2 35686  98.2048  78.7525 0073543 153.5644 206.9353 14.87356992568860
PROBA-2                 
1 36037U 09059B   20027.08395613 -.00000022  00000-0  53747-5 0  9994
2 36037  98.2264 219.1113 0012172 278.9082  81.0736 14.53089954542654
APRIZESAT 5             
1 37792U 11044E   20027.13507073  .00000026  00000-0  12308-4 0  9991
2 37792  98.4153 220.2755 0057019 258.6606 100.8192 14.75364318454509
APRIZESAT 6             
1 37793U 11044F   20026.42181109  .00000010  00000-0  10426-4 0  9993
2 37793  98.4093 195.9339 0045809 296.4731 119.7402 14.72428936453384
TET-1                   
1 38710U 12039D   20026.32093221  .00002315  00000-0  42376-4 0  9993
2 38710  97.6137  45.6044 0002708  13.8320 346.3005 15.50509151421708
PROBA-V                 
1 39159U 13021A   20027.11957308 -.00000025  00000-0  76731-5 0  9996
2 39159  98.4840  89.9719 0005248 112.9701 247.2031 14.22981498349266
STPSAT-3                
1 39380U 13064A   20026.81832551  .00000391  00000-0  16571-4 0  9997
2 39380  40.4992 214.5750 0004348 320.8669  39.1831 15.37367397346470
APRIZESAT 7             
1 39416U 13066A   20026.82819615  .00000059  00000-0  13133-4 0  9998
2 39416  97.5321  43.6156 0041050 356.2016   3.8881 14.83934874334649
APRIZESAT 8             
1 39425U 13066K   20026.29508938  .00000034  00000-0  10716-4 0  9999
2 39425  97.5525  33.7624 0052538  24.5372 335.8324 14.81154789333701
BUGSAT-1 (TITA)         
1 40014U 14033E   20027.13891001 -.00000384  00000-0 -28748-4 0  9994
2 40014  98.0446 345.0200 0032842  44.9031 315.4856 14.95380501305743
SAUDISAT 4              
1 40016U 14033G   20026.36911459  .00000025  00000-0  10805-4 0  9995
2 40016  97.7312 254.3794 0049794  89.8624 270.8292 14.75269365301660
APRIZESAT 9             
1 40018U 14033J   20027.13781047 -.00000001  00000-0  75864-5 0  9993
2 40018  97.7184 234.9954 0072474 133.4645 227.2621 14.69961580300629
APRIZESAT 10            
1 40019U 14033K   20027.11568127 -.00000004  00000-0  75846-5 0  9997
2 40019  97.7274 225.0545 0084727 161.0443 199.3949 14.67022354300070
TDS 1                   
1 40076U 14037H   20027.12921921  .00000112  00000-0  20514-4 0  9990
2 40076  98.4370 198.7423 0007119  14.8873 345.2482 14.84361006300355
TIANTUO 2               
1 40144U 14053B   20026.83321865  .00000525  00000-0  17922-4 0  9999
2 40144  97.2598 112.1412 0013301  96.9937 359.1539 15.34624088301187
TECHNOSAT               
1 42829U 17042E   20026.81419854  .00000108  00000-0  16256-4 0  9992
2 42829  97.5399 275.1112 0015327  44.7592 315.4860 14.91048939138037
FLYING LAPTOP           
1 42831U 17042G   20026.92984414 -.00000031  00000-0  21864-5 0  9994
2 42831  97.5410 275.3276 0015206  44.6515 315.5926 14.91080645138053
HAWK-A                  
1 43765U 18099H   20026.86587881  .00000074  00000-0  11718-4 0  9996
2 43765  97.7191 101.2551 0013955 316.8461  43.1665 14.96052800 62657
HAWK-B                  
1 43794U 18099AN  20026.79939540  .00000115  00000-0  15413-4 0  9995
2 43794  97.7192 101.1893 0014021 317.2232  42.7897 14.96051825 62630
HAWK-C                  
1 43799U 18099AT  20027.13360763  .00000134  00000-0  17058-4 0  9992
2 43799  97.7189 101.4357 0013895 315.6512  44.3596 14.96052134 62683