STARLETTE               
1 07646U 75010A   20026.87270199 -.00000135  00000-0  43492-5 0  9996
2 07646  49.8271 314.2281 0205721 275.1299  82.6145 13.82307087271767
LAGEOS 1                
1 08820U 76039A   20026.82497837  .00000010  00000-0  00000+0 0  9991
2 08820 109.8472 100.0978 0044131  81.1247 184.5124  6.38664930764537
AJISAI (EGS)            
1 16908U 86061A   20027.22191303 -.00000092  00000-0  40724-4 0  9990
2 16908  50.0093 121.0285 0011262   2.9051 197.7743 12.44491117190238
LAGEOS 2                
1 22195U 92070B   20026.22032442 -.00000009  00000-0  00000-0 0  9996
2 22195  52.6645 301.7085 0138173 246.5308  38.2654  6.47293771644530
STELLA                  
1 22824U 93061B   20026.88536010 -.00000046  00000-0  18167-6 0  9998
2 22824  98.9491  14.2483 0006826 152.1646 223.0114 14.27379435372065
LARES                   
1 38077U 12006A   20027.16637541 -.00000054  00000-0 -94730-4 0  9996
2 38077  69.4962 317.2491 0006378  85.0685 275.1061 12.54930754364461