TDRS 3                  
1 19548U 88091B   20026.36486623 -.00000303  00000-0  00000-0 0  9998
2 19548  14.2455 358.7075 0039701 317.4689 251.0761  1.00282146102002
FLTSATCOM 8 (USA 46)    
1 20253U 89077A   20027.10310994 -.00000082  00000-0  00000+0 0  9991
2 20253  13.0465   6.6365 0003875 314.3423 273.9678  1.00270321237215
SKYNET 4C               
1 20776U 90079A   20027.17140123  .00000123  00000-0  00000+0 0  9992
2 20776  13.9780   7.1380 0002825 290.2665 283.5815  1.00271824107542
TDRS 5                  
1 21639U 91054B   20026.77360314  .00000080  00000-0  00000+0 0  9998
2 21639  14.2910  11.9818 0024869 352.9546 231.4009  1.00269455104300
TDRS 6                  
1 22314U 93003B   20026.34533227 -.00000299  00000-0  00000-0 0  9997
2 22314  14.0028  15.0961 0004436  45.0126 143.1928  1.00279096 99040
UFO 2 (USA 95)          
1 22787U 93056A   20027.14113635  .00000123  00000-0  00000+0 0  9999
2 22787  11.2383  16.2501 0001892 310.4458 238.6315  1.00271017 95265
USA 99 (MILSTAR-1 1)    
1 22988U 94009A   20026.91235193 -.00000274  00000-0  00000+0 0  9997
2 22988  13.9082  52.7114 0002270 239.9342 122.6071  1.00276215  8255
ASTRA 1D                
1 23331U 94070A   20026.97730712 -.00000274  00000-0  00000+0 0  9991
2 23331   8.9118  43.0566 0003998 263.3528  98.1254  1.00274647 92778
USA 107 (DSP 17)        
1 23435U 94084A   20026.97259638 -.00000169  00000-0  00000+0 0  9997
2 23435  14.5312  13.2047 0001399  46.5749 319.5067  1.00273796  8306
UFO 4 (USA 108)         
1 23467U 95003A   20026.32340703 -.00000029  00000-0  00000-0 0  9993
2 23467   9.8829  21.6601 0002465 319.2966  72.8768  1.00267497 91575
AMSC 1                  
1 23553U 95019A   20026.22929799 -.00000104  00000-0  00000+0 0  9996
2 23553  11.1239  32.2325 0007540 318.2209 110.5654  1.00272832 90764
TDRS 7                  
1 23613U 95035B   20026.03624074 -.00000203  00000-0  00000-0 0  9999
2 23613  14.2209   5.7948 0030030  18.5315 198.1484  1.00267651 89849
USA 113                 
1 23628U 95038A   20026.94084247 -.00000343  00000-0  00000+0 0  9994
2 23628  11.3057  31.1011 0001455 250.9182 286.2356  1.00272921  8216
USA 115 (MILSTAR-1 2)   
1 23712U 95060A   20027.19544485 -.00000204  00000-0  00000+0 0  9992
2 23712  13.1362  21.1275 0001896 324.6940 120.4854  1.00272197  8251
INMARSAT 3-F1           
1 23839U 96020A   20026.71764109 -.00000002  00000-0  00000+0 0  9999
2 23839   5.7951  63.0408 0005743 248.6559 136.5766  1.00272076 87221
ASTRA 1F                
1 23842U 96021A   20026.79424194  .00000133  00000-0  00000+0 0  9993
2 23842   0.0860 295.0691 0004552   7.3459 153.3247  1.00270443 86933
MSAT M1                 
1 23846U 96022A   20027.11400595 -.00000092  00000-0  00000+0 0  9999
2 23846   9.0912  42.4191 0005547 288.7032  88.2759  1.00272608 87042
INMARSAT 3-F2           
1 24307U 96053A   20026.34335816 -.00000157  00000-0  00000+0 0  9995
2 24307   4.5988  72.7633 0006410 254.5607 268.8198  1.00003843 85611
AMC-1 (GE-1)            
1 24315U 96054A   20026.57185322  .00000059  00000-0  00000-0 0  9996
2 24315   3.6159  79.7208 0002971 234.6567 245.8886  1.00273331 85628
INMARSAT 3-F3           
1 24674U 96070A   20026.86184138  .00000027  00000-0  00000+0 0  9992
2 24674   5.3155  67.0351 0004855 244.7124 302.2110  1.00270290 84565
AMC-2 (GE-2)            
1 24713U 97002A   20027.15348104 -.00000219  00000-0  00000+0 0  9994
2 24713   6.1028  61.1306 0004898 252.0299 143.1259  1.00273162 34937
INTELSAT 26 (IS-26)     
1 24732U 97007A   20026.99145505 -.00000000  00000-0  00000+0 0  9999
2 24732   8.8400  43.8346 0003443 301.2820 201.1629  1.00272530 83886
USA 130 (DSP 18)        
1 24737U 97008A   20026.70638764  .00000029  00000-0  00000+0 0  9998
2 24737  13.4965  20.9950 0001310  20.4424 346.7030  1.00284195  8213
GALAXY 25 (G-25)        
1 24812U 97026A   20026.78306812  .00000148  00000-0  00000+0 0  9998
2 24812   1.5894  91.6612 0003565 215.0782 133.5336  1.00271235 82976
INTELSAT 5 (IS-5)       
1 24916U 97046A   20027.12031329  .00000084  00000-0  00000+0 0  9991
2 24916   5.4216  66.3539 0002255 237.6900  88.1109  1.00271259 82223
AMC-3 (GE-3)            
1 24936U 97050A   20026.76221872 -.00000267  00000-0  00000+0 0  9995
2 24936   2.4733  86.8401 0003027 229.3938  11.6532  1.00273110 82047
NSS-5                   
1 24957U 97053A   20026.78655756  .00000098  00000-0  00000+0 0  9996
2 24957   5.6842  64.5556 0003774 241.9353 152.6792  1.00272850 81841
USA 134                 
1 25019U 97065A   20027.11313359 -.00000067  00000-0  00000+0 0  9994
2 25019  10.0548  37.0212 0008105 284.1345  93.5742  1.00276104  8215
ASTRA 1G                
1 25071U 97076A   20026.78917465  .00000012  00000-0  00000+0 0  9993
2 25071   4.3096  74.0549 0003673 232.4400 166.3547  1.00273439 81147
INMARSAT 3-F5           
1 25153U 98006B   20027.22405782 -.00000295  00000-0  00000+0 0  9996
2 25153   4.5130  70.9511 0004882 235.4195 206.2308  1.00269423 80494
UFO 8 (USA 138)         
1 25258U 98016A   20026.81072196 -.00000030  00000-0  00000+0 0  9993
2 25258   8.5218  33.3680 0004209 287.5593 268.0995  1.00269514 80178
INTELSAT 805 (IS-805)   
1 25371U 98037A   20026.36848212 -.00000256  00000-0  00000-0 0  9993
2 25371   2.1208  88.9099 0009498 121.7146 160.6834  0.99476028 79142
ASTRA 2A                
1 25462U 98050A   20026.79650248 -.00000311  00000-0  00000+0 0  9997
2 25462   1.2903  94.7558 0002727 203.0344 214.5256  1.00271918 78344
JCSAT-4A                
1 25630U 99006A   20026.84837229 -.00000300  00000-0  00000+0 0  9996
2 25630   4.2926  74.9167 0001360 299.6027 197.8547  1.00143469 76608
SKYNET 4E               
1 25639U 99009B   20026.22757722 -.00000039  00000-0  00000-0 0  9999
2 25639  10.7959  21.9369 0003575 295.0689 248.7080  1.00270201 27996
ASIASAT 3S              
1 25657U 99013A   20026.53384494 -.00000233  00000-0  00000-0 0  9996
2 25657   4.4846  73.3547 0003320 245.6685 145.9321  1.00271349 76427
NIMIQ 1                 
1 25740U 99027A   20026.32861524 -.00000205  00000-0  00000-0 0  9994
2 25740   0.7596  95.4664 0004909 215.4332 205.9384  1.00272954 75657
ABS-7                   
1 25894U 99046A   20026.36900553 -.00000369  00000-0  00000-0 0  9996
2 25894   0.6372  96.3078 0003005 211.1741  66.5919  1.00272298 73722
ABS-6                   
1 25924U 99053A   20026.80827934 -.00000125  00000-0  00000+0 0  9997
2 25924   0.0390 306.0905 0002155 342.0033 287.4676  1.00273106 74479
TELSTAR 12 (ORION 2)    
1 25949U 99059A   20027.19975387 -.00000070  00000-0  00000+0 0  9998
2 25949   2.9860  84.9916 0007392 232.8465 130.7921  1.00272445 74137
AMC-4 (GE-4)            
1 25954U 99060A   20027.11960433  .00000082  00000-0  00000+0 0  9996
2 25954   0.0968 278.1075 0002444  32.0567  83.8288  1.00272347 74090
UFO 10 (USA 146)        
1 25967U 99063A   20026.34563448 -.00000189  00000-0  00000+0 0  9991
2 25967   7.7049  36.0696 0003424 306.4644 244.5852  1.00277038 73938
GALAXY 11 (G-11)        
1 26038U 99071A   20027.19549774 -.00000168  00000-0  00000+0 0  9997
2 26038   0.8836  98.8938 0000743  21.3077 342.9813  1.00271936 73688
USA 148                 
1 26052U 00001A   20026.81246668  .00000034  00000-0  00000+0 0  9993
2 26052   8.1953  47.4527 0001912 311.3247 239.3744  1.00274097  8220
ASIASTAR                
1 26107U 00016A   20027.08460743 -.00000340  00000-0  00000+0 0  9993
2 26107   3.7004  78.0368 0004097 224.7205 318.5012  1.00275689 72755
USA 149 (DSP 20)        
1 26356U 00024A   20026.29296824  .00000092  00000-0  00000-0 0  9991
2 26356  11.4293  27.4679 0000869 204.7673 192.4902  1.00278590  9515
EUTELSAT 80A            
1 26369U 00028A   20026.78869060  .00000115  00000-0  00000+0 0  9996
2 26369   3.0690  82.0323 0003881 236.3840 139.1154  1.00271855 72080
TDRS 8                  
1 26388U 00034A   20027.04475036 -.00000239  00000-0  00000+0 0  9998
2 26388   9.0098  48.5415 0017285 295.5880 247.1650  1.00269293 71771
INTELSAT 9 (IS-9)       
1 26451U 00043A   20026.34370708 -.00000129  00000-0  00000+0 0  9999
2 26451   5.4092  66.5681 0004085 254.4341 277.0276  1.00106383 71441
BRASILSAT B4            
1 26469U 00046A   20027.20119980 -.00000177  00000-0  00000+0 0  9993
2 26469   3.6769  79.4275 0002720 235.2666 151.6379  1.00271157 71245
ASTRA 2B                
1 26494U 00054A   20026.78045104  .00000110  00000-0  00000+0 0  9994
2 26494   4.2071  74.6905 0004953 226.3316 125.0288  1.00270862 70847
AMC-7 (GE-7)            
1 26495U 00054B   20025.67269895  .00000099  00000-0  00000+0 0  9993
2 26495   0.9839  94.1982 0017285 294.1841 202.3469  1.00065494 70846
NSS-11 (AAP-1)          
1 26554U 00059A   20026.81159432  .00000019  00000-0  00000+0 0  9998
2 26554   0.0446 278.8948 0001921  18.6005 296.1902  1.00270989 70773
USA 153                 
1 26575U 00065A   20026.77788691 -.00000330  00000-0  00000+0 0  9995
2 26575   7.6645  50.6916 0001524 252.3446 236.8240  1.00276868  8214
AMC-6 (GE-6)            
1 26580U 00067A   20027.21052630 -.00000220  00000-0  00000+0 0  9998
2 26580   0.0416 270.8793 0002303  55.3776 152.4471  1.00270402 70592
INTELSAT 12 (IS-12)     
1 26590U 00068A   20027.14828972  .00000007  00000-0  00000+0 0  9994
2 26590   2.6034  87.4605 0005156 202.8775 313.1441  1.00272007 70404
INTELSAT 1R (IS-1R)     
1 26608U 00072A   20026.80793042 -.00000145  00000-0  00000+0 0  9994
2 26608   2.3905  87.0738 0001018 285.8664 200.5641  1.00272121 70253
ANIK F1                 
1 26624U 00076A   20026.25340731 -.00000081  00000-0  00000+0 0  9997
2 26624   0.0237 123.1034 0000296 214.1615 131.6096  1.00272178 70321
ASTRA 2D                
1 26638U 00081A   20026.85233354  .00000131  00000-0  00000+0 0  9991
2 26638   5.5056  65.4608 0002008 232.7183 154.5694  1.00531615 69992
AMC-8 (GE-8)            
1 26639U 00081B   20026.34635262  .00000097  00000-0  00000+0 0  9991
2 26639   0.3233  96.6942 0002895 201.7369 172.3394  1.00272206 69876
USA 157 (MILSTAR-2 2)   
1 26715U 01009A   20026.84957605 -.00000350  00000-0  00000+0 0  9993
2 26715   9.1920  31.2220 0001635 348.9061 175.5602  1.00544354  8246
EUTELSAT 33C            
1 26719U 01011A   20026.75000567  .00000071  00000-0  00000+0 0  9995
2 26719   1.6349  89.7895 0004977 216.8241 315.9798  1.00271456 69178
INTELSAT 10 (IS-10)     
1 26766U 01019A   20026.79424194  .00000117  00000-0  00000+0 0  9996
2 26766   3.5709  79.9503 0002050 227.1587 151.8249  1.00270729 68535
INTELSAT 901 (IS-901)   
1 26824U 01024A   20027.16735369  .00000062  00000-0  00000+0 0  9997
2 26824   1.5728  91.5875 0001119 332.6978   6.5133  0.99283244 68195
ASTRA 2C                
1 26853U 01025A   20026.32896619  .00000128  00000-0  00000+0 0  9996
2 26853   2.4981  86.5946 0002645 218.5209 322.0463  1.00272580 68179
USA 159 (DSP 21)        
1 26880U 01033A   20026.43245819 -.00000303  00000-0  00000+0 0  9993
2 26880  10.6347  31.3144 0002258 339.9566 219.9949  1.00261922  8218
INTELSAT 902 (IS-902)   
1 26900U 01039A   20026.33452037 -.00000012  00000-0  00000-0 0  9991
2 26900   0.2815  98.6302 0004858 224.8617 286.8144  1.00062688 67319
EUTELSAT 12 WEST B      
1 26927U 01042A   20026.77408281 -.00000107  00000-0  00000+0 0  9998
2 26927   0.7404  94.3701 0004706 223.5231  73.7725  1.00272169 67138
USA 164 (MILSTAR-2 3)   
1 27168U 02001A   20026.20604863  .00000095  00000-0  00000+0 0  9999
2 27168   8.6260  32.5188 0002176 278.1447 267.3831  1.00272838  8249
ECHOSTAR 7              
1 27378U 02006A   20027.17188962 -.00000005  00000-0  00000+0 0  9993
2 27378   0.0434 270.6313 0001446  56.0210 102.3033  1.00270887 65670
INTELSAT 904 (IS-904)   
1 27380U 02007A   20026.77068062 -.00000220  00000-0  00000+0 0  9999
2 27380   1.1232  94.8252 0002476 214.9992  63.6066  1.00273458 65688
TDRS 9                  
1 27389U 02011A   20027.11091562 -.00000292  00000-0  00000+0 0  9992
2 27389   7.1971  68.7635 0025321 268.7513 125.8420  1.00264541 67048
JCSAT 2A                
1 27399U 02015A   20026.80077704 -.00000368  00000-0  00000+0 0  9998
2 27399   2.5768  86.4019 0001537 169.3837 279.4203  1.00139872 65224
ASTRA 3A                
1 27400U 02015B   20027.20318841 -.00000209  00000-0  00000+0 0  9990
2 27400   5.6390  64.2258 0002792 243.7506 164.2890  1.00273879 65325
INTELSAT 903 (IS-903)   
1 27403U 02016A   20026.41130203 -.00000232  00000-0  00000-0 0  9997
2 27403   1.9531  89.9348 0000456 324.8005 186.9852  1.00269818 22272
NSS-7                   
1 27414U 02019A   20026.36426446 -.00000166  00000-0  00000+0 0  9998
2 27414   3.9196  77.6667 0002652 233.5501 285.0130  1.00271187 65154
DIRECTV 5 (TEMPO 1)     
1 27426U 02023A   20027.20669222 -.00000061  00000-0  00000+0 0  9995
2 27426   0.0176  65.0111 0003184 256.5491 128.6515  1.00272220 64924
INTELSAT 905 (IS-905)   
1 27438U 02027A   20026.45466231 -.00000191  00000-0  00000-0 0  9998
2 27438   0.9428  95.7944 0002376 209.6660 318.9015  1.00271513 64562
EXPRESS-A4              
1 27441U 02029A   20027.09450667 -.00000362  00000-0  00000+0 0  9990
2 27441   7.6162  50.9771 0014945  72.2794 167.3003  1.00029527 64573
GALAXY 3C (G-3C)        
1 27445U 02030A   20026.25507527 -.00000158  00000-0  00000+0 0  9994
2 27445   0.0167  21.5065 0001649 319.7838 140.4726  1.00271134 64559
EUTELSAT 5 WEST A       
1 27460U 02035A   20026.34484116 -.00000049  00000-0  00000+0 0  9993
2 27460   0.2344  98.6691 0005212 208.7342 296.8240  1.00271441 64347
N-STAR C                
1 27461U 02035B   20027.01900594 -.00000319  00000-0  00000+0 0  9992
2 27461   6.3810  59.7209 0003097 327.3965 241.4856  1.00271390 64267
METEOSAT-8 (MSG-1)      
1 27509U 02040B   20026.81391939  .00000132  00000-0  00000+0 0  9997
2 27509   6.4768  54.6977 0001253 228.1913 176.9817  1.00269592 63856
INTELSAT 906 (IS-906)   
1 27513U 02041A   20027.04625497  .00000009  00000-0  00000+0 0  9991
2 27513   0.0174 106.8436 0002385 219.4808 240.2514  1.00271460 63570
HISPASAT 30W-4          
1 27528U 02044A   20027.17603975 -.00000024  00000-0  00000+0 0  9999
2 27528   0.7390  95.0575 0006912 224.0339 125.6524  0.99755709 63552
TDRS 10                 
1 27566U 02055A   20026.81421140  .00000086  00000-0  00000+0 0  9992
2 27566   6.6596  54.2803 0008669 273.1602 280.2499  1.00279559 62822
NSS-6                   
1 27603U 02057A   20027.14021791 -.00000202  00000-0  00000+0 0  9992
2 27603   0.1101 275.8117 0004377   1.6749 172.0476  1.00272324 62659
NIMIQ 2                 
1 27632U 02062A   20026.37493758 -.00000245  00000-0  00000+0 0  9997
2 27632   4.0349  76.8732 0008599 327.3935   1.8612  1.00271390 62467
INTELSAT 907 (IS-907)   
1 27683U 03007A   20027.12976685 -.00000207  00000-0  00000+0 0  9990
2 27683   0.0084  32.9314 0002277 277.6026 194.5473  1.00272528 61995
USA 167                 
1 27691U 03008A   20027.15989767  .00000048  00000-0  00000+0 0  9990
2 27691   6.3802  59.6379 0003318 312.9889  40.9589  1.00277131  8229
USA 169 (MILSTAR-2 4)   
1 27711U 03012A   20027.16337188 -.00000012  00000-0  00000+0 0  9995
2 27711   8.8525  45.8344 0001781 265.6968 113.1502  1.00272480  8257
GALAXY 12 (G-12)        
1 27715U 03013B   20027.15990010  .00000053  00000-0  00000+0 0  9992
2 27715   1.1604  93.9039 0001622 219.4274 101.0926  1.00271968 61616
ASIASAT 4               
1 27718U 03014A   20026.79424194  .00000148  00000-0  00000+0 0  9995
2 27718   0.0114 245.0804 0002456  85.4198 119.1373  1.00272663 61524
HELLAS-SAT 2            
1 27811U 03020A   20027.18923993 -.00000156  00000-0  00000+0 0  9991
2 27811   1.5800  93.7984 0002858 202.4301 162.6054  1.00272418 60948
THURAYA-2               
1 27825U 03026A   20026.26646862  .00000122  00000-0  00000-0 0  9990
2 27825   5.7746  32.5374 0005162 271.7859 320.6069  1.00272853 60945
OPTUS C1                
1 27831U 03028B   20026.37694400 -.00000157  00000-0  00000+0 0  9990
2 27831   1.0824  96.1778 0004788 210.3206 110.0136  1.00272283 60921
GALAXY 23 (G-23)        
1 27854U 03034A   20027.20722948  .00000008  00000-0  00000+0 0  9998
2 27854   0.0145  85.7243 0003055 234.3771 119.4336  1.00272214 65150
USA 170                 
1 27875U 03040A   20026.19410222 -.00000281  00000-0  00000+0 0  9998
2 27875   5.6015  65.1678 0001154 310.7101 136.4794  1.00266420  8222
GALAXY 13 (HORIZONS 1)  
1 27954U 03044A   20026.96657709  .00000043  00000-0  00000+0 0  9993
2 27954   0.0244 274.1471 0001447 281.4017 151.0769  1.00270404 59757
YAMAL 202               
1 28089U 03053A   20026.89041311 -.00000085  00000-0  00000+0 0  9998
2 28089   0.5148  96.6136 0003481 207.9997 305.0253  1.00271023 59285
UFO 11 (USA 174)        
1 28117U 03057A   20027.09841088 -.00000107  00000-0  00000+0 0  9991
2 28117   5.9077  37.2140 0006581 290.6905 268.9554  1.00271189 59021
USA 176 (DSP 22)        
1 28158U 04004A   20027.04414846 -.00000222  00000-0  00000+0 0  9990
2 28158   8.9833  40.0403 0000309   4.7202 184.2699  1.00270759  8216
ABS-4 (MOBISAT-1)       
1 28184U 04007A   20027.05162557  .00000036  00000-0  00000+0 0  9994
2 28184   0.1958  98.2382 0005295 212.6534 254.4360  1.00270871 58186
EUTELSAT 7A             
1 28187U 04008A   20027.12392272  .00000042  00000-0  00000+0 0  9992
2 28187   0.0658   3.2594 0003292 284.6868 249.4896  1.00269072 58189
DIRECTV 7S              
1 28238U 04016A   20027.17188968 -.00000004  00000-0  00000+0 0  9997
2 28238   0.0199  72.5326 0003074 246.9718 109.2224  1.00270079 57660
AMC-11 (GE-11)          
1 28252U 04017A   20027.12581588  .00000064  00000-0  00000+0 0  9999
2 28252   0.0512 284.0590 0002520  13.8508 102.2222  1.00272557 57317
INTELSAT 10-02          
1 28358U 04022A   20026.99170105 -.00000017  00000-0  00000+0 0  9994
2 28358   0.0181  71.4512 0002404 249.9348 160.3462  1.00272090 57237
ANIK F2                 
1 28378U 04027A   20027.20669780 -.00000055  00000-0  00000+0 0  9990
2 28378   0.0033  14.3669 0000045 146.6389 288.2591  1.00271780 56968
AMC-15                  
1 28446U 04041A   20027.17609716 -.00000094  00000-0  00000+0 0  9994
2 28446   0.0139  24.0346 0002802 290.2495 129.9563  1.00272222 55958
AMC-16                  
1 28472U 04048A   20027.20936800 -.00000211  00000-0  00000+0 0  9992
2 28472   0.0348 306.2705 0002491 357.2444 172.7925  1.00272022 55423
NSS-10 (AMC-12)         
1 28526U 05003A   20027.14063580 -.00000256  00000-0  00000+0 0  9992
2 28526   0.6875  95.8328 0002470 211.4386 191.7761  1.00271124 54924
XTAR-EUR                
1 28542U 05005A   20027.23313391  .00000146  00000-0  00000+0 0  9997
2 28542   0.0399  94.5940 0002385 223.5973 280.6880  1.00271578 54781
XM-3 (RHYTHM)           
1 28626U 05008A   20026.32887696 -.00000212  00000-0  00000+0 0  9991
2 28626   0.0084 161.8486 0000578 242.2027 114.3006  1.00271591 54663
INMARSAT 4-F1           
1 28628U 05009A   20026.91053448 -.00000266  00000-0  00000+0 0  9998
2 28628   3.1248  25.8539 0002501 288.7373 282.3416  1.00271703 54268
APSTAR 6                
1 28638U 05012A   20026.83989510 -.00000090  00000-0  00000+0 0  9997
2 28638   1.3266  93.5610 0006391 232.1618 265.1784  1.00272211 79019
SPACEWAY 1              
1 28644U 05015A   20026.82896625  .00000098  00000-0  00000+0 0  9997
2 28644   0.7749  94.5917 0000786 250.7267 299.7711  1.00270607 54118
DIRECTV 8               
1 28659U 05019A   20027.21059306 -.00000121  00000-0  00000+0 0  9996
2 28659   0.0037  13.4210 0002756 293.6185 153.9439  1.00272050 53792
GALAXY 28 (G-28)        
1 28702U 05022A   20027.07668574 -.00000191  00000-0  00000+0 0  9993
2 28702   0.0158  65.3661 0002305 260.5633  98.4759  1.00271656 53432
EXPRESS-AM3             
1 28707U 05023A   20026.79711313 -.00000328  00000-0  00000+0 0  9999
2 28707   1.5011  91.7297 0000445 131.5401 292.2235  1.00271483 53444
THAICOM 4               
1 28786U 05028A   20027.01577821 -.00000368  00000-0  00000+0 0  9995
2 28786   0.0179  60.9591 0001955 242.0929 307.8903  1.00271044 52925
GALAXY 14 (G-14)        
1 28790U 05030A   20027.20725101  .00000032  00000-0  00000+0 0  9997
2 28790   0.0428 291.9390 0002176  14.9393 128.6589  1.00272722 52919
ANIK F1R                
1 28868U 05036A   20027.17411986 -.00000079  00000-0  00000+0 0  9990
2 28868   0.0138  57.6090 0002321 298.2357  85.4092  1.00271685 52765
GALAXY 15 (G-15)        
1 28884U 05041A   20027.12088242  .00000074  00000-0  00000+0 0  9998
2 28884   0.0363 267.5345 0001745  39.0025  89.8168  1.00271746 52232
SYRACUSE 3A             
1 28885U 05041B   20026.79424194  .00000123  00000-0  00000+0 0  9996
2 28885   0.0355  96.8717 0002829 204.2886 157.2799  1.00270139 52331
INMARSAT 4-F2           
1 28899U 05044A   20026.78926187  .00000005  00000-0  00000+0 0  9991
2 28899   2.9647  28.7753 0002544 282.8116 161.9625  1.00272765 52109
TELKOM 2                
1 28902U 05046A   20026.37711848 -.00000145  00000-0  00000+0 0  9995
2 28902   0.0047  71.6167 0000666   3.9960 342.2815  1.00271732 51843
SPACEWAY 2              
1 28903U 05046B   20027.18232073 -.00000131  00000-0  00000+0 0  9999
2 28903   0.0050 121.0854 0000667 265.0132  66.3531  1.00269026 52106
METEOSAT-9 (MSG-2)      
1 28912U 05049B   20026.34641140  .00000012  00000-0  00000+0 0  9995
2 28912   4.1237  70.6750 0000960  11.8825 170.7325  1.00277938 51677
EUTELSAT 174A           
1 28924U 05052A   20026.81124538  .00000004  00000-0  00000+0 0  9992
2 28924   0.0642  19.9360 0005827 289.8408 281.7974  1.00271657 51584
ECHOSTAR 10             
1 28935U 06003A   20027.20669319 -.00000061  00000-0  00000+0 0  9990
2 28935   0.0381 298.9040 0001397 350.3653 160.8825  1.00273274 51123
HIMAWARI-7 (MTSAT-2)    
1 28937U 06004A   20026.80548779 -.00000248  00000-0  00000+0 0  9991
2 28937   0.0707 280.6432 0002789   9.0256 270.8208  1.00274179 50955
SPAINSAT                
1 28945U 06007A   20025.73737994 -.00000224  00000-0  00000+0 0  9997
2 28945   0.0264 261.7587 0005039  18.5338  79.6507  1.00271658 50822
EUTELSAT HOT BIRD 13E   
1 28946U 06007B   20026.99449260  .00000082  00000-0  00000+0 0  9994
2 28946   0.0566 226.9485 0004201  63.1274 206.6572  1.00274140 50905
JCSAT-5A                
1 29045U 06010A   20027.01822082 -.00000334  00000-0  00000+0 0  9991
2 29045   0.0225 104.9042 0001199 246.5160 272.9636  1.00267866 50540
ASTRA 1KR               
1 29055U 06012A   20026.99571392  .00000114  00000-0  00000+0 0  9990
2 29055   0.0588 262.6786 0004239   6.2642 234.4299  1.00267416 50352
GOES 13                 
1 29155U 06018A   20026.21230122 -.00000126  00000-0  00000+0 0  9999
2 29155   0.3407  93.5301 0008552 176.5157  16.5758  0.99974237 50109
EUTELSAT 113 WEST A     
1 29162U 06020A   20027.16800595 -.00000042  00000-0  00000+0 0  9999
2 29162   0.0185 239.9426 0003096  68.7658 124.6633  1.00271130 50071
THAICOM 5               
1 29163U 06020B   20026.09945325 -.00000128  00000-0  00000+0 0  9997
2 29163   0.1008 105.9093 0005335 203.1609 290.0907  1.00272186 50128
GALAXY 16 (G-16)        
1 29236U 06023A   20027.18232243 -.00000132  00000-0  00000+0 0  9995
2 29236   0.0172  73.3593 0002514 239.0682 140.1156  1.00272049 49877
EUTELSAT HOT BIRD 13B   
1 29270U 06032A   20026.33382596  .00000080  00000-0  00000-0 0  9998
2 29270   0.0660  39.7997 0004210 280.6225 297.8086  1.00273289 23928
JCSAT-3A                
1 29272U 06033A   20026.80208559 -.00000351  00000-0  00000+0 0  9990
2 29272   0.0154 100.3128 0002259 218.3348 223.6573  1.00268225 49362
SYRACUSE 3B             
1 29273U 06033B   20026.34475392 -.00000051  00000-0  00000+0 0  9998
2 29273   0.0221  98.0419 0003177 215.3689 290.5692  1.00272309 49340
KOREASAT 5 (MUGUNGWHA 5)
1 29349U 06034A   20026.35465779 -.00000365  00000-0  00000-0 0  9991
2 29349   0.0163  98.6595 0000836 134.9635 132.2044  1.00272538 17911
DIRECTV 9S              
1 29494U 06043A   20027.14427552 -.00000118  00000-0  00000+0 0  9992
2 29494   0.0219 173.7756 0002810 141.5652 121.2632  1.00272025 48719
OPTUS D1                
1 29495U 06043B   20026.37772913 -.00000117  00000-0  00000+0 0  9990
2 29495   0.0163  74.3893 0003299 234.9912 111.7415  1.00270190 48741
XM-4 (BLUES)            
1 29520U 06049A   20027.13259874 -.00000028  00000-0  00000+0 0  9997
2 29520   0.0101 131.5726 0000342 278.3350   8.3814  1.00272788 48601
BADR-4                  
1 29526U 06051A   20026.78175958  .00000138  00000-0  00000+0 0  9997
2 29526   0.0553 332.8193 0005297 346.0718 114.0398  1.00270271 48491
WILDBLUE-1              
1 29643U 06054A   20026.57010236 -.00000055  00000-0  00000-0 0  9994
2 29643   0.0221  99.3748 0001472 209.8072 270.1663  1.00272027 48146
AMC-18                  
1 29644U 06054B   20026.74887160  .00000098  00000-0  00000+0 0  9997
2 29644   0.0434 266.9703 0000854 112.6345 236.4616  1.00273571 48152
MEASAT-3                
1 29648U 06056A   20026.79484500 -.00000248  00000-0  00000+0 0  9997
2 29648   0.0308 145.6598 0000335 114.5733 242.9326  1.00273224 48152
INSAT-4B                
1 30793U 07007A   20027.09841088 -.00000170  00000-0  00000+0 0  9993
2 30793   0.1071 100.6934 0008623 179.9308 323.6494  1.00271862 47168
SKYNET 5A               
1 30794U 07007B   20026.37688377 -.00000278  00000-0  00000+0 0  9993
2 30794   0.2360  82.3764 0003479 222.7080  50.9044  1.00273140 47258
ANIK F3                 
1 31102U 07009A   20027.17189120 -.00000006  00000-0  00000+0 0  9999
2 31102   0.0132  91.2104 0001830 227.1284 110.7078  1.00271541 46948
ASTRA 1L                
1 31306U 07016A   20026.34955191  .00000113  00000-0  00000-0 0  9999
2 31306   0.0726 291.6245 0005134  12.3243 326.1793  1.00274812 21646
GALAXY 17 (G-17)        
1 31307U 07016B   20027.19606668 -.00000179  00000-0  00000+0 0  9998
2 31307   0.0128  34.4698 0002703 296.5084 134.5208  1.00271520 46682
ZHONGXING-6B            
1 31800U 07031A   20027.14378440 -.00000367  00000-0  00000+0 0  9991
2 31800   0.0131  97.7848 0003246 196.8934 358.4622  1.00269770 46076
DIRECTV 10              
1 31862U 07032A   20027.14019128 -.00000109  00000-0  00000+0 0  9999
2 31862   0.0351 223.0379 0000173 148.9349  61.6200  1.00272198 46012
SPACEWAY 3              
1 32018U 07036A   20027.21769576 -.00000157  00000-0  00000+0 0  9997
2 32018   0.0151 120.4721 0000215 166.5149 182.4083  1.00274363 45731
BSAT-3A                 
1 32019U 07036B   20026.36778424 -.00000357  00000-0  00000-0 0  9998
2 32019   0.0553 236.5801 0002074  46.5669  84.1865  1.00269908 27112
INSAT-4CR               
1 32050U 07037A   20027.00138427  .00000119  00000-0  00000+0 0  9993
2 32050   1.0017  94.6433 0008899 184.3264 255.0804  1.00272936 45454
OPTUS D2                
1 32252U 07044A   20026.80688358 -.00000189  00000-0  00000+0 0  9993
2 32252   0.0223 312.0289 0003487 355.0917 260.8983  1.00272677 45041
INTELSAT 11 (IS-11)     
1 32253U 07044B   20027.12691688 -.00000274  00000-0  00000+0 0  9995
2 32253   0.0177  82.9038 0001338 248.7840 156.8968  1.00267828 45130
WGS F1 (USA 195)        
1 32258U 07046A   20026.77774674  .00000035  00000-0  00000+0 0  9993
2 32258   0.0257 101.0361 0000946 275.3850  35.0659  1.00271016 44922
STAR ONE C1             
1 32293U 07056A   20026.76361449 -.00000282  00000-0  00000+0 0  9999
2 32293   0.0148  69.5389 0002822 242.7755  23.0980  1.00266639 44700
SKYNET 5B               
1 32294U 07056B   20026.32341181  .00000135  00000-0  00000-0 0  9990
2 32294   0.0678   4.9325 0004476 303.4700 318.1968  1.00268802 44791
ASTRA 4A (SIRIUS 4)     
1 32299U 07057A   20026.77748502  .00000026  00000-0  00000+0 0  9991
2 32299   0.0112   9.8839 0002717 292.4855 107.8311  1.00272460 44562
HORIZONS 2              
1 32388U 07063B   20027.09771646 -.00000187  00000-0  00000+0 0  9997
2 32388   0.0158  76.9967 0002960 252.7522 276.0903  1.00271200 44486
THURAYA-3               
1 32404U 08001A   20026.79624076 -.00000306  00000-0  00000+0 0  9992
2 32404   3.7691   7.4226 0004593 292.9472 210.3063  1.00271570 44138
EXPRESS-AM33            
1 32478U 08003A   20026.87341177 -.00000285  00000-0  00000+0 0  9998
2 32478   0.0565 236.8752 0000251 206.4990  93.1293  1.00269429 44214
THOR 5                  
1 32487U 08006A   20026.77643819 -.00000015  00000-0  00000+0 0  9999
2 32487   0.0171 259.1113 0002255  53.1985  91.9951  1.00272096 43785
AMC-14                  
1 32708U 08011A   20025.24424429  .00000072  00000-0  00000+0 0  9998
2 32708  20.7370  49.3715 0041254 354.1977 186.3494  1.00271756 44688
DIRECTV 11              
1 32729U 08013A   20027.21303917 -.00000130  00000-0  00000+0 0  9996
2 32729   0.0088 140.8986 0000382 264.8954  57.6356  1.00270656 43543
ICO G1                  
1 32763U 08016A   20027.19565953 -.00000175  00000-0  00000+0 0  9993
2 32763   3.6217  10.2382 0002491 296.7024 156.5673  1.00271111 43075
VINASAT-1               
1 32767U 08018A   20026.80287071 -.00000334  00000-0  00000+0 0  9995
2 32767   0.0219 331.8193 0001167   0.1163 214.5763  1.00272051 43208
STAR ONE C2             
1 32768U 08018B   20027.19711146 -.00000270  00000-0  00000+0 0  9993
2 32768   0.0210 132.5452 0001108 180.5397 173.7742  1.00269515 43159
TIANLIAN 1-01           
1 32779U 08019A   20027.10524747 -.00000145  00000-0  00000+0 0  9997
2 32779   3.8179  73.1252 0035459 251.4621 279.1821  1.00272102 43074
AMOS-3                  
1 32794U 08022A   20026.34501562 -.00000042  00000-0  00000+0 0  9999
2 32794   0.0226 107.6124 0001347 237.6913 259.8421  1.00272623 43049
GALAXY 18 (G-18)        
1 32951U 08024A   20027.16081233  .00000020  00000-0  00000+0 0  9990
2 32951   0.0257  86.7722 0002756 225.6244 108.3894  1.00269828 42693
CHINASAT 9 (ZX 9)       
1 33051U 08028A   20027.19917091 -.00000252  00000-0  00000+0 0  9997
2 33051   0.0178 110.1433 0004583 210.9949 328.7209  1.00270550 42611
SKYNET 5C               
1 33055U 08030A   20026.77303598 -.00000146  00000-0  00000+0 0  9990
2 33055   0.0606  27.5572 0002878 255.7960 102.5938  1.00271556 42503
TURKSAT 3A              
1 33056U 08030B   20026.78490008  .00000140  00000-0  00000+0 0  9998
2 33056   0.0455  85.3388 0003037 244.8576 119.8539  1.00273599 42689
INTELSAT 25 (IS-25)     
1 33153U 08034A   20026.77024444 -.00000230  00000-0  00000+0 0  9997
2 33153   0.0208 120.5703 0002545 165.0187  85.6950  1.00272010 42247
BADR-6                  
1 33154U 08034B   20026.78175958  .00000139  00000-0  00000+0 0  9993
2 33154   0.0641  55.2621 0003919 300.5723  77.0935  1.00274230 42356
ECHOSTAR 11             
1 33207U 08035A   20027.20669074 -.00000062  00000-0  00000+0 0  9994
2 33207   0.0196 239.2957 0002309  79.6075 131.4415  1.00272431 42261
SUPERBIRD-C2            
1 33274U 08038A   20026.34018300 -.00000258  00000-0  00000+0 0  9992
2 33274   0.0217 102.4757 0002191 238.7547  50.2883  1.00268487 41980
AMC-21                  
1 33275U 08038B   20026.37202303  .00000030  00000-0  00000+0 0  9991
2 33275   0.0532 277.3192 0002300  23.5732 193.2417  1.00271481 42063
INMARSAT 4-F3           
1 33278U 08039A   20027.18310579 -.00000144  00000-0  00000+0 0  9997
2 33278   3.1056  11.5204 0002822 301.8099 140.5157  1.00270341 41878
NIMIQ 4                 
1 33373U 08044A   20026.32948760 -.00000227  00000-0  00000-0 0  9996
2 33373   0.0203  76.2787 0002504 240.2465 205.1563  1.00271044 41575
GALAXY 19 (G-19)        
1 33376U 08045A   20027.18866142 -.00000144  00000-0  00000+0 0  9995
2 33376   0.0117  71.6064 0003230 252.1155 133.1350  1.00270047 41446
VENESAT-1               
1 33414U 08055A   20027.21707296 -.00000243  00000-0  00000+0 0  9997
2 33414   0.0118 105.0600 0001800 201.5670 179.4810  1.00269613 41169
ASTRA 1M                
1 33436U 08057A   20026.34955191  .00000113  00000-0  00000-0 0  9991
2 33436   0.0370 110.8596 0000567 146.6624  12.5614  1.00272932 22333
CIEL-2                  
1 33453U 08063A   20027.15587867  .00000053  00000-0  00000+0 0  9990
2 33453   0.0328 256.4171 0002816  45.9763 110.7429  1.00272516 40754
EUTELSAT HOT BIRD 13C   
1 33459U 08065A   20026.34841784  .00000080  00000-0  00000-0 0  9990
2 33459   0.0676  64.7167 0002469 263.3552 295.4190  1.00273348 23949
EUTELSAT 48D            
1 33460U 08065B   20027.17944674  .00000119  00000-0  00000+0 0  9998
2 33460   0.0464 335.2806 0002206 319.3229 304.0625  1.00273198 40711
FENGYUN 2E              
1 33463U 08066A   20027.15188168 -.00000209  00000-0  00000+0 0  9999
2 33463   4.0464  68.8877 0004754 282.2598 276.1880  1.00267611 40694
EXPRESS-AM44            
1 33595U 09007A   20026.27182459 -.00000096  00000-0  00000+0 0  9994
2 33595   0.0397 218.5125 0000692 164.2877 189.0524  1.00271352 40152
NSS-9                   
1 33749U 09008A   20025.73629404  .00000064  00000-0  00000-0 0  9997
2 33749   0.0343 297.3311 0002026   0.0736 275.2139  1.00273646 40158
EUTELSAT 33E            
1 33750U 09008B   20026.78315536  .00000150  00000-0  00000+0 0  9998
2 33750   0.0517  20.6193 0004308 289.5022 130.3999  1.00270736 40203
TELSTAR 11N             
1 34111U 09009A   20027.14063580 -.00000256  00000-0  00000+0 0  9999
2 34111   0.0177  68.9786 0002271 229.2187 200.7397  1.00270010 40029
EUTELSAT 10A            
1 34710U 09016A   20026.77853185  .00000062  00000-0  00000+0 0  9992
2 34710   0.0642  18.2197 0005328 288.9556 108.5947  1.00270689 39579
WGS F2 (USA 204)        
1 34713U 09017A   20026.39702153  .00000041  00000-0  00000+0 0  9999
2 34713   0.0133  70.7605 0000234  32.0586 225.4402  1.00271202 39539
SES-7 (PROTOSTAR 2)     
1 34941U 09027A   20027.14007887 -.00000350  00000-0  00000+0 0  9993
2 34941   0.0156  85.5502 0001787 202.9434 356.0593  1.00271381 39227
MEASAT-3A               
1 35362U 09032A   20026.79484500 -.00000247  00000-0  00000+0 0  9993
2 35362   0.0616 238.0211 0002273  46.6620 218.4832  1.00271370 38830
GOES 14                 
1 35491U 09033A   20027.17609663 -.00000099  00000-0  00000+0 0  9994
2 35491   0.0450 266.0145 0010942 327.6198 211.4700  1.00272038 38761
SIRIUS FM-5             
1 35493U 09034A   20027.20354282 -.00000205  00000-0  00000+0 0  9994
2 35493   0.0211 330.1056 0000703  88.1773  54.7711  1.00268722 38589
TERRESTAR-1             
1 35496U 09035A   20027.17094962 -.00000061  00000-0  00000+0 0  9990
2 35496   2.5012  12.4295 0002908 300.4139 123.5841  1.00271912 38762
ASIASAT 5               
1 35696U 09042A   20027.18585958 -.00000312  00000-0  00000+0 0  9990
2 35696   0.0149  77.8056 0001489 208.5808   6.9340  1.00273476 38273
JCSAT-RA (JCSAT-12)     
1 35755U 09044A   20027.09725664 -.00000037  00000-0  00000+0 0  9992
2 35755   0.0724 262.2124 0001123  63.1983   4.3154  1.00270967 38264
OPTUS D3                
1 35756U 09044B   20026.37694400 -.00000154  00000-0  00000-0 0  9997
2 35756   0.0316   3.1347 0003878 317.2674  96.4215  1.00272179 38155
PALAPA D                
1 35812U 09046A   20026.33871334 -.00000365  00000-0  00000-0 0  9995
2 35812   0.0622  98.6903 0002236 241.5384  19.7315  1.00271419 38266
NIMIQ 5                 
1 35873U 09050A   20026.37341154 -.00000264  00000-0  00000+0 0  9990
2 35873   0.0463 262.6773 0002320  57.7529 226.3949  1.00273107 37945
AMAZONAS 2              
1 35942U 09054A   20026.76439962 -.00000289  00000-0  00000+0 0  9996
2 35942   0.0238 146.3807 0001009 104.9514  88.3465  1.00273536 37776
COMSATBW-1              
1 35943U 09054B   20026.17757630  .00000018  00000-0  00000+0 0  9996
2 35943   0.0281 111.5732 0002197 207.6649 292.5939  1.00270411 37858
NSS-12                  
1 36032U 09058A   20026.39702153  .00000065  00000-0  00000+0 0  9996
2 36032   0.0389 299.2868 0002669  15.1838  10.5825  1.00272591 37524
THOR 6                  
1 36033U 09058B   20027.13529154 -.00000015  00000-0  00000+0 0  9994
2 36033   0.0121 134.0056 0001933 204.3505 195.3531  1.00272942 37571
INTELSAT 14 (IS-14)     
1 36097U 09064A   20027.15104083 -.00000279  00000-0  00000+0 0  9995
2 36097   0.0234  95.8836 0002268 215.1464 184.2527  1.00269038 37307
EUTELSAT 36B            
1 36101U 09065A   20026.60466000  .00000149  00000-0  00000+0 0  9996
2 36101   0.0650  14.3186 0004608 292.0913  72.4934  1.00269905 37417
INTELSAT 15 (IS-15)     
1 36106U 09067A   20026.37132663 -.00000192  00000-0  00000-0 0  9992
2 36106   0.0125  80.7721 0001974 237.2229  25.9412  1.00272246 17903
WGS F3 (USA 211)        
1 36108U 09068A   20027.13311064 -.00000102  00000-0  00000+0 0  9994
2 36108   0.0154  78.0561 0001179 244.0750 199.6219  1.00273387 37128
DIRECTV 12              
1 36131U 09075A   20027.21839924 -.00000108  00000-0  00000+0 0  9993
2 36131   0.0171 180.1671 0000282 193.0220  88.5933  1.00269484 36995
BEIDOU 3                
1 36287U 10001A   20026.80452819 -.00000289  00000-0  00000+0 0  9994
2 36287   1.3747  15.1924 0002450 141.6283  38.3842  1.00271307 36770
RADUGA-1M 2             
1 36358U 10002A   20027.09285382 -.00000189  00000-0  00000+0 0  9994
2 36358   0.0457 247.6394 0002304  87.5978 268.9907  1.00271544 36612
SDO                     
1 36395U 10005A   20025.28174275 -.00000094  00000-0  00000+0 0  9990
2 36395  30.0837 123.7569 0000311  11.7710 347.8364  1.00269477 36611
INTELSAT 16 (IS-16)     
1 36397U 10006A   20027.14721024 -.00000250  00000-0  00000+0 0  9994
2 36397   0.0156  89.5754 0001893 219.6756 153.4244  1.00272315 36347
GOES 15                 
1 36411U 10008A   20026.75096527  .00000049  00000-0  00000+0 0  9997
2 36411   0.0694 260.1026 0001229 237.0577 130.3168  1.00277549 36262
ECHOSTAR 14             
1 36499U 10010A   20026.36646601 -.00000006  00000-0  00000+0 0  9991
2 36499   0.0183  83.2661 0002886 220.4680 194.4215  1.00270448 36132
SES-1                   
1 36516U 10016A   20026.33016814 -.00000121  00000-0  00000-0 0  9990
2 36516   0.0469 275.3746 0002361  24.4012 203.1427  1.00272551 35641
ASTRA 3B                
1 36581U 10021A   20026.78123618  .00000131  00000-0  00000+0 0  9997
2 36581   0.0278  39.0613 0003360 270.0310 121.1427  1.00271755 35250
COMSATBW-2              
1 36582U 10021B   20026.32896619  .00000082  00000-0  00000-0 0  9992
2 36582   0.0305  79.1837 0001527 237.6867 299.7976  1.00274632 35555
BADR-5                  
1 36592U 10025A   20026.78175958  .00000139  00000-0  00000+0 0  9995
2 36592   0.0387 110.0137 0001159 143.8875 179.0093  1.00273468 35503
COMS 1                  
1 36744U 10032A   20026.80208559 -.00000350  00000-0  00000+0 0  9995
2 36744   0.0257 131.6620 0000839 215.2241 195.5460  1.00272255 35255
ARABSAT-5A              
1 36745U 10032B   20026.78263194  .00000147  00000-0  00000+0 0  9992
2 36745   0.0586  39.7571 0001562 282.9501 115.0303  1.00269738 35231
ECHOSTAR 15             
1 36792U 10034A   20027.14825890 -.00000287  00000-0  00000+0 0  9990
2 36792   0.0174  86.3994 0001750 218.7617 172.4756  1.00269144 35002
BEIDOU 5                
1 36828U 10036A   20026.54614473 -.00000121  00000-0  10000-3 0  9990
2 36828  54.1557 184.3161 0085927 231.8227  21.2567  1.00249512 34819
NILESAT 201             
1 36830U 10037A   20027.13407024 -.00000063  00000-0  00000+0 0  9992
2 36830   0.0530 206.0401 0003678 124.3544 196.6903  1.00272509 34894
RASCOM-QAF 1R           
1 36831U 10037B   20026.77713608  .00000012  00000-0  00000+0 0  9993
2 36831   0.0156  83.8544 0006136 221.1551 103.1641  1.00270550 34890
AEHF-1 (USA 214)        
1 36868U 10039A   20026.77731056  .00000019  00000-0  00000+0 0  9999
2 36868   2.4104 100.4046 0002440 238.2081  70.7012  1.00270680 35046
CHINASAT 6A (ZX 6A)     
1 37150U 10042A   20027.10036082 -.00000359  00000-0  00000+0 0  9991
2 37150   0.0297 149.4366 0001205  65.3788  72.1948  1.00269570 34507
QZS-1 (MICHIBIKI-1)     
1 37158U 10045A   20025.65703147 -.00000208  00000-0  00000+0 0  9996
2 37158  41.5073 145.6343 0758057 270.5127  82.2319  1.00256335 34308
XM-5                    
1 37185U 10053A   20026.61595778 -.00000211  00000-0  00000+0 0  9995
2 37185   0.0231  77.6496 0001900 348.2481 196.0053  1.00268243 34042
BSAT-3B                 
1 37207U 10056B   20027.13521625 -.00000355  00000-0  00000+0 0  9990
2 37207   0.0598 308.6368 0004399   9.6300 326.1137  1.00272049 33879
BEIDOU 6                
1 37210U 10057A   20026.62480087 -.00000119  00000-0  00000-0 0  9993
2 37210   0.9085  51.8187 0005686 174.0990 284.3501  1.00271602 33886
SKYTERRA 1              
1 37218U 10061A   20027.17742035 -.00000120  00000-0  00000+0 0  9992
2 37218   2.2262 353.9575 0001887 359.7193  94.8255  1.00272819 33835
ZHONGXING-20A           
1 37234U 10064A   20027.09874161 -.00000355  00000-0  00000+0 0  9990
2 37234   0.5280  99.5989 0003038 230.3934 317.8580  1.00272928 33631
HYLAS 1                 
1 37237U 10065A   20027.21839775 -.00000239  00000-0  00000+0 0  9991
2 37237   0.0518 284.1963 0002037  24.3968 176.9786  1.00271429 33618
INTELSAT 17 (IS-17)     
1 37238U 10065B   20026.39146458 -.00000008  00000-0  00000-0 0  9994
2 37238   0.0332 115.1898 0002563 210.9936   5.8751  1.00271625 30038
BEIDOU 7                
1 37256U 10068A   20027.13277747 -.00000200  00000-0  10000-3 0  9994
2 37256  51.7193 300.0248 0069889 210.3883 139.2739  1.00249928 33402
EUTELSAT KA-SAT 9A      
1 37258U 10069A   20026.34763271  .00000054  00000-0  00000-0 0  9993
2 37258   0.0172  29.2105 0001257 312.9676 277.0082  1.00268194 20611
HISPASAT 30W-5          
1 37264U 10070A   20026.77059337 -.00000222  00000-0  00000+0 0  9997
2 37264   0.0305 112.1155 0002132 204.9972  55.7912  1.00270478 33272
KOREASAT 6              
1 37265U 10070B   20026.36900553 -.00000369  00000-0  00000-0 0  9991
2 37265   0.0178 119.2329 0001252 226.9480  27.7771  1.00272502 33364
BEIDOU 8                
1 37384U 11013A   20026.51240859 -.00000175  00000-0  10000-3 0  9993
2 37384  59.0760  63.0528 0048740 205.7487 157.7545  1.00299176 32288
INTELSAT NEW DAWN       
1 37392U 11016A   20027.17348459  .00000150  00000-0  00000+0 0  9990
2 37392   0.0280 127.9372 0001518 358.9072  94.3088  1.00261924 32121
YAHSAT 1A               
1 37393U 11016B   20026.77618868  .00000095  00000-0  00000+0 0  9998
2 37393   0.0209  85.7150 0002192 212.3369 159.4071  1.00271038 32165
SBIRS GEO-1 (USA 230)   
1 37481U 11019A   20026.77063160 -.00000011  00000-0  00000+0 0  9997
2 37481   2.2200 338.0422 0001798 331.3776 159.7109  1.00272137 31940
TELSTAR 14R             
1 37602U 11021A   20026.40502103 -.00000287  00000-0  00000+0 0  9995
2 37602   0.0562 284.9055 0002039 115.8424 167.1885  1.00271547 32384
GSAT-8                  
1 37605U 11022A   20026.39702153  .00000078  00000-0  00000-0 0  9992
2 37605   0.0194  86.4874 0007944 191.2165  45.4895  1.00269900 29815
ST-2                    
1 37606U 11022B   20026.36577248 -.00000218  00000-0  00000-0 0  9992
2 37606   0.0141  97.7673 0001350 240.5322   6.4792  1.00271326 31875
CHINASAT 10 (ZX 10)     
1 37677U 11026A   20026.78243816 -.00000358  00000-0  00000+0 0  9995
2 37677   0.0105 263.0112 0002506 294.6466 320.0663  1.00271318 31561
TIANLIAN 1-02           
1 37737U 11032A   20026.59528282 -.00000025  00000-0  00000-0 0  9993
2 37737   2.7937  74.2568 0011407 126.5073 309.8141  1.00271475 31328
GSAT-12                 
1 37746U 11034A   20026.79979903 -.00000170  00000-0  00000+0 0  9997
2 37746   0.0299 258.5047 0007873 193.8301  44.1228  1.00271313 31553
SES-3                   
1 37748U 11035A   20027.25224962 -.00000107  00000-0  00000+0 0  9990
2 37748   0.0135 320.1059 0002165 339.8637 173.8228  1.00271951 31307
KAZSAT-2                
1 37749U 11035B   20026.79379815 -.00000203  00000-0  00000+0 0  9994
2 37749   0.0191 193.0186 0001380 190.9330 113.8832  1.00270265 31179
BEIDOU 9                
1 37763U 11038A   20027.05894309 -.00000064  00000-0  10000-3 0  9993
2 37763  54.4283 186.7270 0066729 223.9914 192.1145  1.00279652 31251
ASTRA 1N                
1 37775U 11041A   20026.34955191  .00000113  00000-0  00000-0 0  9998
2 37775   0.0441  48.8047 0003817 311.5859 269.7126  1.00273635 21128
BSAT-3C (JCSAT-110R)    
1 37776U 11041B   20026.78243816 -.00000356  00000-0  00000+0 0  9990
2 37776   0.0327 292.7316 0000471 126.4604  97.9455  1.00271424 31126
PAKSAT-1R               
1 37779U 11042A   20026.79424194  .00000148  00000-0  00000+0 0  9993
2 37779   0.0140 205.8161 0002861 117.3980 126.2636  1.00270791 30881
CHINASAT 1A (ZX 1A)     
1 37804U 11047A   20026.37170985 -.00000345  00000-0  00000+0 0  9997
2 37804   0.0330 171.5037 0003018 190.0275  27.2320  1.00269556 30676
COSMOS 2473             
1 37806U 11048A   20026.84561637 -.00000114  00000-0  00000+0 0  9994
2 37806   0.0692 106.7075 0002295 215.7443  94.0201  1.00271347 30670
SES-2                   
1 37809U 11049A   20027.14308448 -.00000201  00000-0  00000+0 0  9998
2 37809   0.0558 277.7003 0002547  40.6936 131.9747  1.00271871 30618
ARABSAT-5C              
1 37810U 11049B   20026.34972639  .00000117  00000-0  00000-0 0  9996
2 37810   0.0609  26.8277 0002155 268.1360 336.0215  1.00273988 30659
EUTELSAT 7 WEST A       
1 37816U 11051A   20026.77512964 -.00000066  00000-0  00000+0 0  9996
2 37816   0.0669  41.5305 0004503 173.9224 181.7950  1.00273182 30576
QUETZSAT 1              
1 37826U 11054A   20026.37341154 -.00000248  00000-0  00000-0 0  9990
2 37826   0.0469 290.2890 0002347  21.0637 231.1856  1.00271722 26491
INTELSAT 18 (IS-18)     
1 37834U 11056A   20026.81246668  .00000047  00000-0  00000+0 0  9999
2 37834   0.0129  80.5686 0001990 243.4701 273.9892  1.00273526 30450
EUTELSAT 16A            
1 37836U 11057A   20026.77975316  .00000098  00000-0  00000+0 0  9992
2 37836   0.0656  25.6664 0004901 283.1708 113.3777  1.00272828 30392
VIASAT-1                
1 37843U 11059A   20027.16735483 -.00000029  00000-0  00000+0 0  9990
2 37843   0.0260  87.3505 0002227 219.6302 124.0815  1.00270871 30885
ASIASAT 7               
1 37933U 11069A   20026.84348892 -.00000339  00000-0  00000+0 0  9993
2 37933   0.0167  96.8168 0001226 204.2715 233.6740  1.00267229 30064
BEIDOU 10               
1 37948U 11073A   20026.52381466 -.00000140  00000-0  10000-3 0  9998
2 37948  51.8070 299.6050 0063819 213.6301 255.3439  1.00287229 30003
LUCH 5A                 
1 37951U 11074B   20026.61368968 -.00000055  00000-0  00000-0 0  9996
2 37951   2.9475 119.7130 0002133 211.4473 181.9482  1.00270527 29791
NIGCOMSAT 1R            
1 38014U 11077A   20027.17766434  .00000139  00000-0  00000+0 0  9993
2 38014   0.0521 258.9693 0004077 136.3707 197.0303  1.00275605 29632
FENGYUN 2F              
1 38049U 12002A   20026.87065311 -.00000364  00000-0  00000+0 0  9993
2 38049   1.7389  83.5101 0002804  17.2114  90.3495  1.00278711 29493
WGS F4 (USA 233)        
1 38070U 12003A   20027.09285382 -.00000219  00000-0  00000+0 0  9994
2 38070   0.0126  72.3540 0000206  48.6863 126.5863  1.00269978 29322
SES-4                   
1 38087U 12007A   20026.77216362 -.00000174  00000-0  00000+0 0  9992
2 38087   0.0142  39.1996 0002221 279.6833  62.5911  1.00271263 29093
BEIDOU 11               
1 38091U 12008A   20026.13070296  .00000046  00000-0  00000-0 0  9990
2 38091   1.8555  69.1517 0007518 275.9184 245.7596  1.00277484 29072
MUOS-1                  
1 38093U 12009A   20027.18244927 -.00000131  00000-0  00000+0 0  9998
2 38093   2.5538   2.6241 0057836   4.4396  84.5369  1.00272172 29062
INTELSAT 22 (IS-22)     
1 38098U 12011A   20026.75951998 -.00000064  00000-0  00000+0 0  9996
2 38098   0.0019 329.2115 0002549 353.2759 148.5384  1.00270676 28650
APSTAR 7                
1 38107U 12013A   20026.59820211 -.00000108  00000-0  00000-0 0  9994
2 38107   0.0262  90.6113 0002294 232.3657  94.2064  1.00271878 28779
YAHSAT 1B               
1 38245U 12016A   20026.40257591  .00000120  00000-0  00000+0 0  9997
2 38245   0.0241  90.4386 0002276 212.1935  15.0441  1.00270306 28511
AEHF-2 (USA 235)        
1 38254U 12019A   20026.76309108 -.00000281  00000-0  00000+0 0  9990
2 38254   1.8143  41.0328 0002830 297.0916 354.4962  1.00276398 28285
JCSAT-13                
1 38331U 12023A   20026.80130045 -.00000362  00000-0  00000+0 0  9998
2 38331   0.0192 106.6551 0002115 227.7308 203.6045  1.00270601 28179
VINASAT-2               
1 38332U 12023B   20026.80287071 -.00000335  00000-0  00000+0 0  9991
2 38332   0.0548 276.0472 0001930  43.3862 226.9769  1.00272196 28217
NIMIQ 6                 
1 38342U 12026A   20026.39493828 -.00000180  00000-0  00000+0 0  9996
2 38342   0.0443 271.8685 0001883  17.2443 247.0917  1.00272075 28195
CHINASAT 2A (ZX 2A)     
1 38352U 12028A   20027.19423689 -.00000298  00000-0  00000+0 0  9996
2 38352   0.0434 228.2888 0001611 142.0390 283.7751  1.00270946 28248
INTELSAT 19 (IS-19)     
1 38356U 12030A   20026.34078307 -.00000064  00000-0  00000-0 0  9994
2 38356   0.0165  90.4402 0002717 223.0048 100.3055  1.00271468 27051
ECHOSTAR 17             
1 38551U 12035A   20026.36090875 -.00000082  00000-0  00000+0 0  9991
2 38551   0.0177  66.7702 0002028 232.9670 208.1764  1.00271850 27728
METEOSAT-10 (MSG-3)     
1 38552U 12035B   20026.33452037  .00000057  00000-0  00000-0 0  9993
2 38552   1.0140 357.9765 0000399 256.4801   0.5869  1.00269552 27489
SES-5                   
1 38652U 12036A   20026.77757226  .00000028  00000-0  00000+0 0  9998
2 38652   0.0507  97.8922 0001797 202.6589 109.8531  1.00272987 27676
TIANLIAN 1-03           
1 38730U 12040A   20026.56527363  .00000119  00000-0  00000-0 0  9996
2 38730   0.1247 259.0228 0005314  88.4705   1.6490  1.00272018 27583
INTELSAT 20 (IS-20)     
1 38740U 12043A   20026.25535581 -.00000031  00000-0  00000-0 0  9991
2 38740   0.0192  97.4131 0003047  85.5043 102.4986  1.00270821 27347
HYLAS 2                 
1 38741U 12043B   20027.17378554  .00000149  00000-0  00000+0 0  9997
2 38741   0.0447 271.6650 0001789  29.6877 278.1235  1.00275823 27455
INTELSAT 21 (IS-21)     
1 38749U 12045A   20027.13936722 -.00000290  00000-0  00000+0 0  9998
2 38749   0.0241  91.8598 0001539  70.5232 315.6860  1.00268344 27249
ASTRA 2F                
1 38778U 12051A   20027.17900686  .00000145  00000-0  00000+0 0  9999
2 38778   0.0836 244.7118 0003176  17.7514 316.0435  1.00272681 26895
GSAT-10                 
1 38779U 12051B   20027.09841088 -.00000170  00000-0  00000+0 0  9990
2 38779   0.0398 116.6904 0000589 199.5881 287.9801  1.00272039 26890
INTELSAT 23 (IS-23)     
1 38867U 12057A   20026.76596986 -.00000291  00000-0  00000+0 0  9995
2 38867   0.0148  75.7953 0001637 235.7146  36.7244  1.00272856 26711
BEIDOU 16               
1 38953U 12059A   20027.19528611 -.00000181  00000-0  00000+0 0  9999
2 38953   1.6026  83.8455 0005808 223.0901 333.3157  1.00271447 26656
LUCH 5B                 
1 38977U 12061A   20026.44910515 -.00000141  00000-0  00000-0 0  9990
2 38977   5.4562  68.5754 0003084 240.8760 321.1333  1.00272218 26776
YAMAL 300K              
1 38978U 12061B   20026.81307733  .00000065  00000-0  00000+0 0  9997
2 38978   0.0165 107.2712 0001294 123.5899  10.3733  1.00269707 26470
STAR ONE C3             
1 38991U 12062A   20027.13542523 -.00000254  00000-0  00000+0 0  9998
2 38991   0.0475 260.0872 0001826  54.3939 145.1299  1.00273562 26468
EUTELSAT 21B            
1 38992U 12062B   20026.78088722  .00000124  00000-0  00000+0 0  9990
2 38992   0.0657  25.7250 0002655 282.7710 119.7108  1.00273008 26474
ECHOSTAR 16             
1 39008U 12065A   20026.76431238 -.00000288  00000-0  00000+0 0  9996
2 39008   0.0173  68.4094 0002086 230.6483  40.0821  1.00271487 26403
CHINASAT 12 (ZX 12)     
1 39017U 12067A   20026.36577248 -.00000213  00000-0  00000+0 0  9994
2 39017   0.0260  97.5673 0002136 213.6397  33.0708  1.00271718 26309
EUTELSAT 70B            
1 39020U 12069A   20026.25518220 -.00000051  00000-0  00000-0 0  9994
2 39020   0.0717  44.5330 0003396 202.0756  40.7485  1.00272500 26107
YAMAL 402               
1 39022U 12070A   20027.11138091  .00000081  00000-0  00000+0 0  9999
2 39022   0.0146  88.9518 0002259 225.8895 265.9839  1.00272019 26209
SKYNET 5D               
1 39034U 12075A   20026.39702153  .00000093  00000-0  00000+0 0  9995
2 39034   0.0791   6.7060 0003840 286.6684  27.4075  1.00272594 26117
MEXSAT 3                
1 39035U 12075B   20027.13546903 -.00000031  00000-0  00000+0 0  9991
2 39035   0.0177  96.8268 0001429 194.0155 128.9767  1.00272554 26089
TDRS 11                 
1 39070U 13004A   20026.59824884  .00000078  00000-0  00000-0 0  9990
2 39070   4.0394 331.0984 0004104 353.9678 201.3768  1.00265862 25586
AMAZONAS 3              
1 39078U 13006A   20027.14825823 -.00000288  00000-0  00000+0 0  9999
2 39078   0.0563 234.8459 0003492  43.1145 200.2887  1.00270747 25578
AZERSPACE 1             
1 39079U 13006B   20027.00103531  .00000128  00000-0  00000+0 0  9992
2 39079   0.0399 270.7781 0001680  62.6020 198.6994  1.00273131 25533
SBIRS GEO-2 (USA 241)   
1 39120U 13011A   20026.34990084  .00000118  00000-0  00000+0 0  9997
2 39120   2.2916 338.1021 0002416 321.8873 331.6663  1.00272280 25186
EUTELSAT 117 WEST A     
1 39122U 13012A   20026.36053826 -.00000019  00000-0  00000-0 0  9998
2 39122   0.0131  62.4207 0002626 246.9230 188.7404  1.00271221 25046
ANIK G1                 
1 39127U 13014A   20026.97050271 -.00000079  00000-0  00000+0 0  9998
2 39127   0.0144  76.0111 0002756 216.5498  75.2349  1.00269953 24858
CHINASAT 11 (ZX 11)     
1 39157U 13020A   20024.91438434 -.00000298  00000-0  00000+0 0  9994
2 39157   0.0074 320.3915 0003085 353.5300 236.9081  1.00268220 24732
EUTELSAT 7B             
1 39163U 13022A   20026.77792119  .00000042  00000-0  00000+0 0  9998
2 39163   0.0553 341.5177 0005238 359.3618  71.6759  1.00273829 24573
WGS F5 (USA 243)        
1 39168U 13024A   20027.18757730 -.00000290  00000-0  00000+0 0  9997
2 39168   0.0127  93.9384 0000375 331.4081  75.5745  1.00269706 24437
SES-6                   
1 39172U 13026A   20026.40955730 -.00000268  00000-0  00000+0 0  9993
2 39172   0.0549 283.8146 0002020  19.1911 289.0795  1.00272189 24310
IRNSS-1A                
1 39199U 13034A   20025.78244190  .00000068  00000-0  00000+0 0  9999
2 39199  30.5657  99.0899 0020555 189.6925 172.4286  1.00272437 24248
MUOS-2                  
1 39206U 13036A   20026.81316456  .00000062  00000-0  00000+0 0  9994
2 39206   2.7067 352.3701 0053125 182.7139  66.1741  1.00269583 23905
ALPHASAT                
1 39215U 13038A   20027.14043846  .00000131  00000-0  00000+0 0  9990
2 39215   2.3761  21.6371 0001967 288.3589 251.2676  1.00276370 23872
INSAT-3D                
1 39216U 13038B   20027.09841088 -.00000161  00000-0  00000+0 0  9993
2 39216   0.0138 302.2021 0000753  18.0666 283.1139  1.00269262 23906
WGS F6 (USA 244)        
1 39222U 13041A   20027.14887716  .00000083  00000-0  00000+0 0  9990
2 39222   0.0140  65.9316 0000476  66.1874 272.1434  1.00275707 23674
EUTELSAT 25B            
1 39233U 13044A   20026.78167236  .00000137  00000-0  00000+0 0  9992
2 39233   0.0465  20.7897 0001612 284.3545 127.2377  1.00271012 23504
GSAT-7                  
1 39234U 13044B   20027.09841088 -.00000082  00000-0  00000+0 0  9992
2 39234   0.0101  79.7364 0008083 211.0692 304.4683  1.00269565 23503
AMOS-4                  
1 39237U 13045A   20026.17757630  .00000001  00000-0  00000+0 0  9993
2 39237   0.0082  65.6968 0001713 268.1626 279.9839  1.00271401 23489
AEHF-3 (USA 246)        
1 39256U 13050A   20027.01481861 -.00000346  00000-0  00000+0 0  9997
2 39256   0.7633 332.3112 0007633 343.3898 290.3079  0.99996956 23285
ASTRA 2E                
1 39285U 13056A   20027.17900686  .00000145  00000-0  00000+0 0  9999
2 39285   0.0550  26.6485 0002652 283.9893 268.2035  1.00269525 23198
SIRIUS FM-6             
1 39360U 13058A   20027.12809931 -.00000022  00000-0  00000+0 0  9996
2 39360   0.0175  58.8280 0001255  97.0135 259.9755  1.00272441 22956
RADUGA-1M 3             
1 39375U 13062A   20026.88868639  .00000150  00000-0  10000-3 0  9995
2 39375   0.0990 103.4892 0003308 226.0530 151.4205  1.00281434 22731
SES-8                   
1 39460U 13071A   20027.08729954 -.00000274  00000-0  00000+0 0  9992
2 39460   0.0186 242.7799 0001068 112.8159 256.6620  1.00267274 22472
INMARSAT 5-F1           
1 39476U 13073A   20027.05162557  .00000022  00000-0  00000+0 0  9998
2 39476   0.0177  67.1660 0000208 281.4319 218.3737  1.00274677 22537
TKSAT-1 (TUPAC KATARI)  
1 39481U 13075A   20027.14021785 -.00000200  00000-0  00000+0 0  9992
2 39481   0.0164 120.1946 0002669 202.2221 126.7663  1.00270172 22459
EXPRESS-AM5             
1 39487U 13077A   20026.80444097 -.00000286  00000-0  00000+0 0  9991
2 39487   0.0208 235.3808 0000867  94.5514 225.2617  1.00269832 22955
GSAT-14                 
1 39498U 14001A   20026.36054365 -.00000084  00000-0  00000-0 0  9994
2 39498   0.0740 268.9657 0003729  24.3903  35.5218  1.00272951 22017
THAICOM 6               
1 39500U 14002A   20026.38591017 -.00000127  00000-0  00000+0 0  9998
2 39500   0.0946 113.8234 0000291  27.2306 201.4227  1.00270355 22119
TDRS 12                 
1 39504U 14004A   20026.34129465 -.00000271  00000-0  00000+0 0  9994
2 39504   4.8332 337.5752 0002037 266.4493 322.8384  1.00278749 22047
ABS-2                   
1 39508U 14006A   20026.79979903 -.00000092  00000-0  00000+0 0  9990
2 39508   0.0156  63.8553 0003574 279.3064 145.2144  1.00272252 21925
ATHENA-FIDUS            
1 39509U 14006B   20026.20979979  .00000147  00000-0  00000+0 0  9990
2 39509   0.0123  95.9459 0001045 216.3652 285.9567  1.00270702 22094
TURKSAT 4A              
1 39522U 14007A   20026.79424194  .00000140  00000-0  00000+0 0  9997
2 39522   0.0712 269.2475 0004203  21.4181 162.7784  1.00269738 21817
EXPRESS-AT1             
1 39612U 14010A   20026.78769163  .00000073  00000-0  00000+0 0  9993
2 39612   0.0164 207.9167 0000213 275.5341 341.6538  1.00270303 21659
EXPRESS-AT2             
1 39613U 14010B   20024.93804904 -.00000290  00000-0  00000-0 0  9995
2 39613   0.0405 233.3542 0000629 192.6609 175.2101  1.00270171 21464
AMAZONAS 4A             
1 39616U 14011A   20027.22432481 -.00000258  00000-0  00000+0 0  9994
2 39616   0.0640  72.4567 0002477 235.5211 184.7372  1.00274541 21477
ASTRA 5B                
1 39617U 14011B   20026.34563293  .00000148  00000-0  00000+0 0  9990
2 39617   0.0465 310.5943 0003470 359.1980 331.2049  1.00269749 21460
IRNSS-1B                
1 39635U 14017A   20026.78869060  .00000105  00000-0  00000+0 0  9998
2 39635  28.8649 279.5447 0017927 181.0379   3.9596  1.00270829 21406
LUCH 5V                 
1 39727U 14023A   20026.86725090 -.00000273  00000-0  00000+0 0  9997
2 39727   0.7697 315.0069 0002703  41.5362 175.9959  1.00270368539128
KAZSAT-3                
1 39728U 14023B   20027.17184109  .00000056  00000-0  00000+0 0  9991
2 39728   0.0242 152.6297 0000806 235.6814 217.9639  1.00269555 21041
EUTELSAT 3B             
1 39773U 14030A   20026.34641140  .00000013  00000-0  00000+0 0  9993
2 39773   0.0720  45.8993 0003146 181.3028  25.6709  1.00272762 20812
USA 253                 
1 40099U 14043A   20022.01527778 -.00000131  00000-0  00000+0 0  9992
2 40099   0.1488  89.3604 0002955 280.8669 194.6941  1.00277670  4610
USA 254                 
1 40100U 14043B   20024.20396965 -.00000221  00000-0  00000+0 0  9990
2 40100   0.2204  99.5581 0000823 288.3113  80.9103  1.00441038  4333
ASIASAT 8               
1 40107U 14046A   20026.84753556 -.00000039  00000-0  00000-0 0  9993
2 40107   0.0174  94.1060 0001570 194.6426 138.0417  1.00272339 78759
ASIASAT 6               
1 40141U 14052A   20026.87222336 -.00000368  00000-0  00000-0 0  9993
2 40141   0.0547 265.6431 0000525   4.2509 289.6074  1.00272685 19666
OPTUS 10                
1 40146U 14054A   20026.87946396 -.00000153  00000-0  00000+0 0  9990
2 40146   0.0250 120.7797 0002547 165.7593 311.6609  1.00270397 19725
MEASAT-3B               
1 40147U 14054B   20026.86655301 -.00000247  00000-0  00000-0 0  9998
2 40147   0.0268   1.3264 0002803 331.4572 196.2658  1.00270477 19519
LUCH (OLYMP)            
1 40258U 14058A   20026.91445179 -.00000050  00000-0  00000-0 0  9993
2 40258   0.0163 116.2560 0002054 151.7521 257.3925  1.00274120 17597
HIMAWARI-8              
1 40267U 14060A   20026.87641069 -.00000282  00000-0  00000-0 0  9994
2 40267   0.0371 184.5881 0000858 137.9637 259.2254  1.00270952 19368
IRNSS-1C                
1 40269U 14061A   20026.86489553 -.00000167  00000-0  00000-0 0  9996
2 40269   1.8632 189.1911 0018628  13.6479 317.1238  1.00270057 19285
INTELSAT 30 (IS-30)     
1 40271U 14062A   20026.25507527 -.00000157  00000-0  00000-0 0  9994
2 40271   0.0171  62.6336 0002254  51.3251   7.7978  1.00270994 19236
ARSAT 1                 
1 40272U 14062B   20027.12115931 -.00000265  00000-0  00000+0 0  9995
2 40272   0.0108 270.9260 0001101  15.0026 171.7240  1.00272380 19497
EXPRESS-AM6             
1 40277U 14064A   20026.85887624  .00000092  00000-0  00000-0 0  9994
2 40277   0.0170 193.2611 0000277 181.3142 113.2081  1.00268956 18180
GSAT-16                 
1 40332U 14078A   20027.11302440  .00000080  00000-0  00000+0 0  9995
2 40332   0.0766 273.4484 0003258 185.8632 122.2225  1.00271661 18869
DIRECTV 14              
1 40333U 14078B   20027.21304226 -.00000130  00000-0  00000+0 0  9998
2 40333   0.0163  88.8630 0001157 297.9560  76.5673  1.00271819 18855
YAMAL 401               
1 40345U 14082A   20026.79449604 -.00000235  00000-0  00000-0 0  9995
2 40345   0.0123  79.1914 0000541 356.8659  65.4172  1.00276102 18527
ASTRA 2G                
1 40364U 14089A   20027.17900686  .00000144  00000-0  00000+0 0  9995
2 40364   0.0393 322.7788 0002812  56.3970 199.3669  1.00269737 18629
FENGYUN 2G              
1 40367U 14090A   20026.93997010 -.00000305  00000-0  00000-0 0  9991
2 40367   1.7477  96.7588 0003967 307.2408 159.3220  1.00262514 18642
MUOS-3                  
1 40374U 15002A   20026.88226411 -.00000130  00000-0  00000-0 0  9993
2 40374   2.9606 343.6453 0052114 182.2849 261.8595  1.00271350 18204
INMARSAT 5-F2           
1 40384U 15005A   20027.12447427 -.00000291  00000-0  00000+0 0  9994
2 40384   0.0178  67.0510 0000506 353.3967  55.2030  1.00269766 18284
ABS-3A                  
1 40424U 15010A   20026.99135212 -.00000032  00000-0  00000+0 0  9998
2 40424   0.0202  81.0031 0001117 134.0162 264.6250  1.00271119 18006
EUTELSAT 115 WEST B     
1 40425U 15010B   20027.23561471 -.00000030  00000-0  00000+0 0  9995
2 40425   0.0117 153.4539 0000182 273.6174  28.8115  1.00272467 18044
EXPRESS-AM7             
1 40505U 15012A   20027.21519972  .00000146  00000-0  00000+0 0  9990
2 40505   0.0148  86.7430 0002091 217.0038 299.6362  1.00273076 17966
IRNSS-1D                
1 40547U 15018A   20026.72255000 -.00000278  00000-0  00000+0 0  9993
2 40547  28.7648 279.6341 0017073 180.5366  37.1778  1.00268194 17840
BEIDOU 17               
1 40549U 15019A   20026.80035831 -.00000176  00000-0  00000+0 0  9990
2 40549  53.2642 322.8448 0034903 194.4390 351.8732  1.00262304 17685
THOR 7                  
1 40613U 15022A   20026.84823345 -.00000014  00000-0  00000-0 0  9997
2 40613   0.0140 250.3461 0002353  49.1317 130.8127  1.00271182 17428
TURKMENALEM52E/MONACOSAT
1 40617U 15023A   20027.17870593  .00000098  00000-0  00000+0 0  9996
2 40617   0.0227  88.4905 0002048 223.1787 290.5766  1.00273804 17434
DIRECTV 15              
1 40663U 15026A   20027.21839906 -.00000107  00000-0  00000+0 0  9990
2 40663   0.0179  91.8157 0000266  10.6908 359.2157  1.00270043 17149
SKY MEXICO-1            
1 40664U 15026B   20027.07482429 -.00000240  00000-0  00000+0 0  9997
2 40664   0.0136  88.6878 0001848 227.2982 117.9793  1.00272169 17148
METEOSAT-11 (MSG-4)     
1 40732U 15034A   20026.84849515 -.00000002  00000-0  00000-0 0  9996
2 40732   0.6058 235.5784 0000700 133.0839  63.0453  1.00281666 16643
STAR ONE C4             
1 40733U 15034B   20026.87854301 -.00000270  00000-0  00000-0 0  9996
2 40733   0.0204  27.4330 0002863 315.5952  28.8371  1.00269947 16625
WGS F7 (USA 263)        
1 40746U 15036A   20026.88321510  .00000012  00000-0  00000-0 0  9997
2 40746   0.0149  57.0509 0000210 207.1882 354.3433  1.00272015 16497
INTELSAT 34 (IS-34)     
1 40874U 15039A   20027.12438704 -.00000291  00000-0  00000+0 0  9993
2 40874   0.0187  60.9643 0000427 126.0802 288.0839  1.00271690 16271
EUTELSAT 8 WEST B       
1 40875U 15039B   20026.84675043 -.00000072  00000-0  00000-0 0  9999
2 40875   0.0640  12.3222 0001828 293.5519 116.5530  1.00270842 16261
GSAT-6                  
1 40880U 15041A   20027.09841088 -.00000161  00000-0  00000+0 0  9998
2 40880   0.0303 105.0912 0007936 174.1829 324.0994  1.00271462 16239
INMARSAT 5-F3           
1 40882U 15042A   20026.81237944  .00000044  00000-0  00000-0 0  9990
2 40882   0.0174  66.7163 0000523  72.5766  98.3041  1.00269898 16171
MUOS-4                  
1 40887U 15044A   20026.86535948 -.00000095  00000-0  00000-0 0  9994
2 40887   3.1148 340.5835 0057570 359.0562 172.5120  1.00272249 16178
TJS-1                   
1 40892U 15046A   20026.95104909 -.00000162  00000-0  10000-3 0  9990
2 40892   0.0409 132.3294 0006484 236.2512 254.4863  1.00270197 16157
EXPRESS-AM8             
1 40895U 15048A   20026.91732439 -.00000117  00000-0  00000-0 0  9992
2 40895   0.0307 228.8839 0000139 213.5220 359.4612  1.00271023 15985
BEIDOU 20               
1 40938U 15053A   20026.68577882 -.00000104  00000-0  00000+0 0  9994
2 40938  52.8328 285.8552 0047556 183.2796 357.9240  1.00260213 15968
SKY MUSTER (NBN1A)      
1 40940U 15054A   20026.87632347 -.00000285  00000-0  00000-0 0  9998
2 40940   0.0142  50.6941 0001546 255.7259 274.9182  1.00270206 15874
ARSAT 2                 
1 40941U 15054B   20026.88174456 -.00000230  00000-0  00000-0 0  9992
2 40941   0.0111 281.2049 0001368  17.1886  63.6396  1.00272277 15926
MORELOS 3               
1 40946U 15056A   20027.16822567 -.00000044  00000-0  00000+0 0  9996
2 40946   5.0426 328.2806 0003389   0.9653 104.1119  1.00272126 15887
APSTAR 9                
1 40982U 15059A   20026.87667240 -.00000272  00000-0  00000-0 0  9995
2 40982   0.0499 261.7040 0000337 313.0253   8.4900  1.00270858 15735
TURKSAT 4B              
1 40984U 15060A   20027.00190767  .00000110  00000-0  00000+0 0  9999
2 40984   0.0461 262.5927 0001731  36.5795 237.2290  1.00270014 15712
CHINASAT 2C (ZX 2C)     
1 41021U 15063A   20026.94075523 -.00000329  00000-0  00000-0 0  9993
2 41021   0.0371 174.8780 0001398 137.5055 255.3909  1.00271038 15611
GSAT-15                 
1 41028U 15065A   20026.86698919 -.00000264  00000-0  00000-0 0  9991
2 41028   0.0645 270.7573 0001366 325.7535 294.6844  1.00272659 15431
BADR-7 (ARABSAT-6B)     
1 41029U 15065B   20026.85346760  .00000139  00000-0  00000-0 0  9995
2 41029   0.0595 256.3700 0004097   1.9192 200.5206  1.00271122 15379
LAOSAT 1                
1 41034U 15067A   20027.01752293 -.00000348  00000-0  00000+0 0  9996
2 41034   0.0050  18.4280 0002123 254.7683 347.3707  1.00272047 15443
TELSTAR 12V             
1 41036U 15068A   20026.91714991 -.00000125  00000-0  00000-0 0  9994
2 41036   0.0144  84.6992 0001937 233.1023 123.0055  1.00272988 15332
CHINASAT 1C (ZX 1C)     
1 41103U 15073A   20027.24354985 -.00000156  00000-0  00000+0 0  9998
2 41103   1.2838  93.9095 0002756 213.8742 347.3720  1.00270947 15276
ELEKTRO-L 2             
1 41105U 15074A   20027.23764535 -.00000101  00000-0  00000+0 0  9996
2 41105   0.8645  99.8010 0001066 262.8797 284.8199  1.00270558 15125
COSMOS 2513             
1 41121U 15075A   20026.86437212 -.00000143  00000-0  00000-0 0  9999
2 41121   0.0525 112.8903 0002700 190.8683 213.2426  1.00269408 15131
EXPRESS-AMU1            
1 41191U 15082A   20026.88868639  .00000150  00000-0  00000-0 0  9994
2 41191   0.0220  85.9919 0002488 230.6075 165.0703  1.00268396 14886
GAOFEN 4                
1 41194U 15083A   20027.18938126 -.00000340  00000-0  00000+0 0  9992
2 41194   0.0972 101.7378 0002260 112.5964  85.4674  1.00272774 15093
BELINTERSAT-1           
1 41238U 16001A   20027.17870593  .00000102  00000-0  00000+0 0  9999
2 41238   0.0156  49.3538 0000918 169.3860  22.9972  1.00270076 14868
IRNSS-1E                
1 41241U 16003A   20025.62167229 -.00000317  00000-0  00000-0 0  9998
2 41241  28.9174  98.6048 0021276 184.4126 176.8466  1.00280007 14678
EUTELSAT 9B             
1 41310U 16005A   20027.13729796  .00000056  00000-0  00000+0 0  9996
2 41310   0.0656  79.7265 0005270 216.2969 248.2494  1.00273421 14719
SES-9                   
1 41380U 16013A   20026.84807233 -.00000351  00000-0  00000-0 0  9992
2 41380   0.0159 290.7594 0000776 106.8337 141.6245  1.00267346 14048
EUTELSAT 65 WEST A      
1 41382U 16014A   20026.87045941 -.00000282  00000-0  00000-0 0  9991
2 41382   0.0469  18.5113 0001870 287.3013  67.9554  1.00273240 14143
IRNSS-1F                
1 41384U 16015A   20026.85486338  .00000153  00000-0  00000-0 0  9997
2 41384   2.3596 227.8437 0019472 176.2298  61.7837  1.00265314 14298
BEIDOU IGSO-6           
1 41434U 16021A   20026.47867509 -.00000137  00000-0  00000-0 0  9994
2 41434  56.8354  62.0437 0040790 209.6808 120.9737  1.00288130 14089
IRNSS-1G                
1 41469U 16027A   20026.83641067 -.00000340  00000-0  00000+0 0  9992
2 41469   2.3914 230.5826 0003007 208.1864 117.4815  1.00272650 13790
JCSAT 2B                
1 41471U 16028A   20026.90351642 -.00000172  00000-0  00000-0 0  9995
2 41471   0.0161  66.4340 0001785 240.1171 298.3382  1.00270860 13718
THAICOM 8               
1 41552U 16031A   20026.86402317 -.00000128  00000-0  00000-0 0  9991
2 41552   0.0573  48.6706 0003658 309.9511 156.5433  1.00273164 13325
INTELSAT 31 (IS-31)     
1 41581U 16035A   20027.04470381 -.00000157  00000-0  00000+0 0  9995
2 41581   0.0190 112.5352 0002710  78.7532 215.5481  1.00276050 13306
BEIDOU-2 G7             
1 41586U 16037A   20026.87039140 -.00000361  00000-0  00000-0 0  9994
2 41586   1.2283  58.2181 0007877   1.1272 130.1299  1.00276225 13395
ABS-2A (MONGOLSAT-1)    
1 41588U 16038A   20027.10943647 -.00000089  00000-0  00000+0 0  9996
2 41588   0.0111 102.8435 0001086 105.1461  31.9638  1.00272288 13315
EUTELSAT 117 WEST B     
1 41589U 16038B   20027.16452321 -.00000016  00000-0  00000+0 0  9997
2 41589   0.0120 146.0125 0000461 248.4392  33.6691  1.00265569 13314
BRISAT                  
1 41591U 16039A   20026.90949274 -.00000203  00000-0  00000-0 0  9999
2 41591   0.0173  69.3440 0001929 236.4104 297.8291  1.00269487 13223
ECHOSTAR 18             
1 41592U 16039B   20026.76431238 -.00000288  00000-0  00000-0 0  9993
2 41592   0.0178  64.8924 0001280 235.5989  38.7965  1.00271357 13237
MUOS-5                  
1 41622U 16041A   20026.33407953 -.00000155  00000-0  00000-0 0  9993
2 41622   7.5491 308.8060 0199147 215.1957 336.3232  1.00272554 13685
TIANTONG-1 1            
1 41725U 16048A   20026.94031905 -.00000319  00000-0  00000-0 0  9993
2 41725   3.1871 331.8474 0005755  16.4496 217.2720  1.00272097 12869
JCSAT-16                
1 41729U 16050A   20026.94485532 -.00000362  00000-0  00000+0 0  9996
2 41729   0.0443  90.7497 0004477 190.2785 308.7603  1.00271063 12679
USA 270                 
1 41744U 16052A   20021.56560904  .00000146  00000-0  00000+0 0  9994
2 41744   0.2087  97.2773 0000683 118.3937 144.3166  1.00132613  4694
USA 271                 
1 41745U 16052B   20005.69456395 -.00000302  00000-0  00000+0 0  9994
2 41745   0.1594  98.1133 0000581 293.5458  97.7712  1.00224983  4339
INTELSAT 36 (IS-36)     
1 41747U 16053A   20026.86201674 -.00000030  00000-0  00000-0 0  9996
2 41747   0.0101  53.7533 0001100 315.4956 135.1624  1.00272506 12578
INTELSAT 33E (IS-33E)   
1 41748U 16053B   20027.04955705  .00000044  00000-0  00000+0 0  9992
2 41748   0.0146 354.7909 0001504 295.2250 273.5864  1.00271848 12828
INSAT-3DR               
1 41752U 16054A   20026.86535948 -.00000083  00000-0  00000-0 0  9995
2 41752   0.1233  98.5850 0012944 177.2802 235.2606  1.00271573 12410
GSAT-18                 
1 41793U 16060A   20026.86535948 -.00000083  00000-0  00000-0 0  9997
2 41793   0.0208 278.5070 0000552 252.4500 340.1813  1.00271030 12147
SKY MUSTER 2            
1 41794U 16060B   20026.91053448 -.00000250  00000-0  00000-0 0  9990
2 41794   0.0143  71.1541 0001399 234.5694 292.5384  1.00269529 12122
HIMAWARI-9              
1 41836U 16064A   20026.87641069 -.00000281  00000-0  00000-0 0  9992
2 41836   0.0143  44.0668 0000843 238.0572 299.7404  1.00273032 11793
SHIJIAN-17 (SJ-17)      
1 41838U 16065A   20026.92003229 -.00000367  00000-0  00000-0 0  9996
2 41838   0.0377 134.0225 0002321 169.0092 269.1692  1.00268485 11815
GOES 16                 
1 41866U 16071A   20026.35623750 -.00000255  00000-0  00000+0 0  9993
2 41866   0.0423  95.9701 0000428 266.2788 175.8875  1.00273088 11709
TIANLIAN 1-04           
1 41869U 16072A   20026.93555671 -.00000112  00000-0  00000-0 0  9990
2 41869   0.5553 282.3444 0012206 161.2742  95.8509  1.00270272 11918
WGS F8 (USA 272)        
1 41879U 16075A   20026.95000226 -.00000209  00000-0  00000+0 0  9993
2 41879   0.0146  60.9332 0000083 274.0347 282.5238  1.00269332 11528
FENGYUN 4A              
1 41882U 16077A   20026.94101693 -.00000336  00000-0  00000-0 0  9990
2 41882   0.0292  21.2396 0004474  72.9600 114.8943  1.00274575 11580
ECHOSTAR 19             
1 41893U 16079A   20027.18865781 -.00000144  00000-0  00000+0 0  9992
2 41893   0.0172  71.5882 0001156 230.0607 155.0880  1.00272211 11341
JCSAT-15                
1 41903U 16082A   20026.78243816 -.00000357  00000-0  00000+0 0  9998
2 41903   0.0155  85.0233 0001289 230.1781 202.0764  1.00268627 11389
STAR ONE D1             
1 41904U 16082B   20027.20995367 -.00000216  00000-0  00000+0 0  9996
2 41904   0.0473 268.4260 0001811  51.9787 157.1090  1.00270242 11395
TJS-2                   
1 41911U 17001A   20026.86978076 -.00000349  00000-0  00000-0 0  9993
2 41911   0.2277 280.4894 0005275  42.1394 223.6395  1.00274150 11331
SBIRS GEO-4 (USA 273)   
1 41937U 17004A   20026.81656677  .00000127  00000-0  00000+0 0  9991
2 41937   4.0794 311.9359 0001537 352.2309 315.9387  1.00272471 11205
HISPASAT 36W-1          
1 41942U 17006A   20027.13972439 -.00000250  00000-0  00000+0 0  9990
2 41942   0.0159 249.7224 0000892  63.2683 187.1665  1.00271160 11132
TELKOM 3S               
1 41944U 17007A   20026.87187442 -.00000369  00000-0  00000-0 0  9997
2 41944   0.0172  73.3237 0002115 234.0951 250.0574  1.00272951 10744
INTELSAT 32E (IS-32E)   
1 41945U 17007B   20026.69618103 -.00000275  00000-0  00000-0 0  9997
2 41945   0.0175  66.3689 0000639 120.7622 145.7399  1.00271868 10826
ECHOSTAR 23             
1 42070U 17014A   20026.76291661 -.00000276  00000-0  00000-0 0  9990
2 42070   0.0185  60.3247 0001980 241.8685  30.0459  1.00272576 10533
WGS F9 (USA 275)        
1 42075U 17016A   20026.78786611  .00000067  00000-0  00000-0 0  9990
2 42075   0.0095  68.4867 0000633  14.5271  22.9003  1.00271136 10519
SES-10                  
1 42432U 17017A   20026.76317831 -.00000278  00000-0  00000-0 0  9995
2 42432   0.0085  66.8057 0002429 240.9081  25.6191  1.00272021 10351
CHINASAT 16 (SJ-13)     
1 42662U 17018A   20026.94215101 -.00000358  00000-0  99999+0 0  9991
2 42662   0.0426  79.9310 0006629 163.1246 332.3083  1.00270430 10346
KOREASAT 7              
1 42691U 17023A   20026.91565459 -.00000368  00000-0  00000-0 0  9997
2 42691   0.0283  68.2395 0001217 208.7806 294.1667  1.00271857  9973
SGDC                    
1 42692U 17023B   20026.85894810 -.00000255  00000-0  00000-0 0  9992
2 42692   0.0120  32.5509 0001860 276.5317  50.8702  1.00271851 10028
GSAT-9                  
1 42695U 17024A   20026.86777432 -.00000292  00000-0  00000-0 0  9998
2 42695   0.1062 278.1247 0002582  15.4430 241.7256  1.00273390  9924
INMARSAT 5-F4           
1 42698U 17025A   20027.11302440  .00000070  00000-0  00000+0 0  9996
2 42698   0.0176  65.3831 0000232 159.7592 357.8716  1.00271820  9867
SES-15                  
1 42709U 17026A   20026.73868750  .00000054  00000-0  00000-0 0  9991
2 42709   0.0105  78.8157 0000539 246.6595 296.7728  1.00274158 10752
QZS-2  (MICHIBIKI-2)    
1 42738U 17028A   20025.56785572 -.00000170  00000-0  00000+0 0  9994
2 42738  43.2296 276.4271 0753118 269.7799 283.1505  1.00279103  9720
VIASAT-2                
1 42740U 17029A   20027.19705020 -.00000270  00000-0  00000+0 0  9990
2 42740   0.0050 296.1416 0000385 113.3001  77.4892  1.00270324  9799
EUTELSAT 172B           
1 42741U 17029B   20026.83610973 -.00000012  00000-0  00000-0 0  9998
2 42741   0.0212  95.5339 0000317  52.3321  90.6922  1.00271369 10329
GSAT-19                 
1 42747U 17031A   20027.17944674  .00000120  00000-0  00000+0 0  9991
2 42747   0.1110 271.1867 0004980 102.5639 224.6114  1.00271746  9746
ECHOSTAR 21             
1 42749U 17032A   20026.99396919  .00000064  00000-0  00000+0 0  9993
2 42749   5.7836 313.4232 0001715 357.4438 182.9270  1.00272025  9729
CHINASAT 9A (ZX 9A)     
1 42763U 17035A   20026.94031905 -.00000319  00000-0  00000-0 0  9993
2 42763   0.0304 229.3445 0001232 205.3821 130.9002  1.00271096 10258
BULGARIASAT-1           
1 42801U 17038A   20026.99231170  .00000005  00000-0  00000+0 0  9990
2 42801   0.0063  42.9551 0002627 266.3235 175.5694  1.00270998  9514
HELLAS-SAT 3            
1 42814U 17040A   20026.85608469  .00000146  00000-0  00000-0 0  9998
2 42814   0.0730  49.6439 0003903 290.9577 132.1659  1.00274443  9483
GSAT-17                 
1 42815U 17040B   20027.08729954 -.00000263  00000-0  00000+0 0  9998
2 42815   0.0389 267.2021 0005351   0.9170 342.6026  1.00270954  9474
INTELSAT 35E (IS-35E)   
1 42818U 17041A   20027.13972439 -.00000243  00000-0  00000+0 0  9994
2 42818   0.0434 230.4015 0001641  88.9434 182.3293  1.00272742  9449
COSMOS 2520             
1 42907U 17046A   20026.79424194  .00000131  00000-0  00000+0 0  9994
2 42907   0.0242 107.3001 0000893 209.7899 139.3628  1.00275316  8991
TDRS 13                 
1 42915U 17047A   20026.81258539 -.00000099  00000-0  00000+0 0  9999
2 42915   5.7910 330.2011 0012867  77.5789 358.8940  1.00272485  8983
QZS-3 (MICHIBIKI-3)     
1 42917U 17048A   20027.01726122 -.00000353  00000-0  00000+0 0  9996
2 42917   0.0597 226.6676 0001202 109.6521 282.6979  1.00272227  8970
AMAZONAS 5              
1 42934U 17053A   20027.13553103 -.00000288  00000-0  00000+0 0  9998
2 42934   0.0413 313.7961 0004917   1.5888 158.2517  1.00269619  8734
ASIASAT 9               
1 42942U 17057A   20027.01621439 -.00000365  00000-0  00000+0 0  9992
2 42942   0.0031  92.8580 0002103 208.5459 312.2719  1.00269760  8541
INTELSAT 37E (IS-37E)   
1 42950U 17059A   20026.84474400 -.00000147  00000-0  00000-0 0  9996
2 42950   0.0154  77.3574 0002186 213.8142 120.5054  1.00271938  8650
BSAT-4A                 
1 42951U 17059B   20026.87021694 -.00000356  00000-0  00000-0 0  9995
2 42951   0.0430   6.2556 0002994   5.4444 177.0080  1.00272678  8418
QZS-4 (MICHIBIKI-4)     
1 42965U 17062A   20025.29789767 -.00000345  00000-0  00000+0 0  9998
2 42965  40.8025  13.4918 0750660 268.7949  85.6634  1.00297704  8406
SES-11 (ECHOSTAR 105)   
1 42967U 17063A   20027.17604222 -.00000094  00000-0  00000+0 0  9993
2 42967   0.0140 104.8263 0002397 206.7989 132.6791  1.00271881  8411
KOREASAT 5A             
1 42984U 17067A   20026.87091481 -.00000364  00000-0  00000-0 0  9990
2 42984   0.0147 103.7773 0001573 140.3724 308.1125  1.00273174  8144
ALCOMSAT 1              
1 43039U 17078A   20026.84334823 -.00000192  00000-0  00000-0 0  9990
2 43039   0.0111  63.6597 0002093 235.3579 105.3581  1.00273092  7899
SBIRS GEO-3 (USA 282)   
1 43162U 18009A   20026.84927510 -.00000292  00000-0  00000-0 0  9994
2 43162   5.2256 317.5120 0001535 344.3867 268.4157  1.00271844  7441
AL YAH 3                
1 43174U 18012A   20026.84430782 -.00000162  00000-0  00000-0 0  9997
2 43174   0.0155  76.6617 0001796 236.7453  96.0189  1.00267737  7449
SES-14                  
1 43175U 18012B   20026.76710394 -.00000284  00000-0  00000-0 0  9994
2 43175   0.0210  68.7284 0000817 242.1961  43.2465  1.00268814  7664
GOES 17                 
1 43226U 18022A   20026.74424475  .00000092  00000-0  00000-0 0  9998
2 43226   0.0297 100.0730 0000249 239.8271 276.2834  1.00271779  7019
HISPASAT 30W-6          
1 43228U 18023A   20026.84238863 -.00000222  00000-0  00000-0 0  9992
2 43228   0.0389  48.4351 0003453 302.8054  47.6216  1.00272551  7076
SUPERBIRD 8             
1 43271U 18033A   20026.83989510 -.00000099  00000-0  00000+0 0  9993
2 43271   0.0208 108.5576 0000926 181.6064 299.8028  1.00269117  6656
HYLAS 4                 
1 43272U 18033B   20027.13761788 -.00000239  00000-0  00000+0 0  9999
2 43272   0.0686 118.1734 0002049  75.6257 308.1017  1.00273174  6687
IRNSS-1I                
1 43286U 18035A   20016.83382733  .00000085  00000-0  00000+0 0  9998
2 43286  28.8611 112.0118 0021401 185.0952 173.9265  1.00276873  6578
USA 283                 
1 43339U 18036A   20026.18654374 -.00000324  00000-0  00000+0 0  9997
2 43339   0.0127 124.3848 0000531 262.5631 299.2214  1.00270527  1901
COSMOS 2526             
1 43432U 18037A   20026.80208559 -.00000351  00000-0  00000-0 0  9992
2 43432   0.0244 109.6383 0000877 194.8513 237.8625  1.00273619  6582
APSTAR 6C               
1 43450U 18041A   20019.40940862 -.00000323  00000-0  00000+0 0  9993
2 43450   0.0217 239.5749 0001059 128.9125  31.1132  1.00267252  6372
BANGABANDHUSAT-1        
1 43463U 18044A   20026.87213612 -.00000369  00000-0  00000-0 0  9996
2 43463   0.0178  97.0832 0000967 216.6970 244.8899  1.00271479  6315
SES-12                  
1 43488U 18049A   20026.79855277 -.00000275  00000-0  00000+0 0  9993
2 43488   0.0189  61.9733 0002307 215.6868 230.3309  1.00271560  6024
FENGYUN 2H              
1 43491U 18050A   20026.91828236 -.00000134  00000-0  00000-0 0  9993
2 43491   0.9934 277.8943 0001192 248.6204   8.9149  1.00274150  6116
BEIDOU IGSO-7           
1 43539U 18057A   20026.84469258 -.00000114  00000-0  00000-0 0  9998
2 43539  55.0431 183.5519 0025539 196.9387 161.5761  1.00260082  5756
TELSTAR 19V             
1 43562U 18059A   20026.83575870 -.00000285  00000-0  00000-0 0  9992
2 43562   0.0155 103.1234 0001207 144.3241 115.9755  1.00271554  5751
TELKOM 4 (MERAH PUTIH)  
1 43587U 18064A   20027.14025247 -.00000349  00000-0  00000+0 0  9998
2 43587   0.0166  78.0764 0001420 285.2402 281.0254  1.00270903  5463
TELSTAR 18V (APSTAR 5C) 
1 43611U 18069A   20026.83959503 -.00000300  00000-0  00000-0 0  9995
2 43611   0.0175  65.6378 0001669 240.1090 260.0665  1.00272427  5233
AZERSPACE 2 (IS-38)     
1 43632U 18074A   20027.00086084  .00000131  00000-0  00000+0 0  9999
2 43632   0.0182  69.5863 0001183 236.5906 224.9821  1.00271536  5101
HORIZONS 3E             
1 43633U 18074B   20027.09725664 -.00000036  00000-0  00000+0 0  9998
2 43633   0.0041 266.3990 0000193 318.2913 105.1319  1.00272437  4966
AEHF-4 (USA 288)        
1 43651U 18079A   20027.11130897  .00000127  00000-0  00000+0 0  9994
2 43651   4.1595 311.2112 0003594 342.2391  82.4271  1.00268309  4895
BEIDOU-3 G1             
1 43683U 18085A   20026.91053448 -.00000250  00000-0  00000-0 0  9998
2 43683   2.0810 261.7470 0000618  90.6131 245.6384  1.00272530  4656
GSAT-29                 
1 43698U 18089A   20026.85931243  .00000079  00000-0  00000-0 0  9997
2 43698   0.0354 266.0605 0002767  12.2502 211.6273  1.00271643  4395
ES'HAIL 2               
1 43700U 18090A   20026.89424344  .00000138  00000-0  00000-0 0  9992
2 43700   0.0225  88.5665 0001963 255.3742 129.4029  1.00274265  4288
GEO-KOMPSAT-2A          
1 43823U 18100A   20027.01743569 -.00000349  00000-0  00000+0 0  9992
2 43823   0.0254 168.7898 0000526 266.5871 184.8899  1.00273357  4265
GSAT-11                 
1 43824U 18100B   20026.86535948 -.00000083  00000-0  00000-0 0  9991
2 43824   0.1014 271.1942 0004514 166.8267  73.1214  1.00273255  4147
GSAT-7A                 
1 43864U 18105A   20026.86088267  .00000020  00000-0  00000-0 0  9997
2 43864   0.0572 263.9276 0001931   5.8169 228.5334  1.00273594  4089
COSMOS 2533             
1 43867U 18107A   20026.91445179 -.00000045  00000-0  00000-0 0  9995
2 43867   0.0275 120.7504 0001035 326.9041  77.1815  1.00277196  4025
TJS-3                   
1 43874U 18110A   20026.88286616 -.00000004  00000-0  00000-0 0  9997
2 43874   0.0988 268.5817 0005577 330.0041  17.8344  1.00272390  4022
TJS-3 AKM               
1 43917U 18110C   20026.86009755  .00000050  00000-0  00000-0 0  9990
2 43917   0.4424 274.3877 0002989 352.4218 227.4293  1.00275420  3958
CHINASAT 2D (ZX 2D)     
1 43920U 19001A   20026.63869034 -.00000343  00000-0  00000-0 0  9999
2 43920   0.0493 251.1366 0000992  58.8753 175.2992  1.00273177  3967
HELLAS-SAT 4 & SGS-1    
1 44034U 19007A   20027.17558098  .00000147  00000-0  00000+0 0  9997
2 44034   0.0695 122.3775 0003376  41.2237  64.4784  1.00269687  3973
GSAT-31                 
1 44035U 19007B   20027.09841088 -.00000170  00000-0  00000+0 0  9990
2 44035   0.0718 102.1457 0004974 175.3447 326.7666  1.00271895  3562
NUSANTARA SATU          
1 44048U 19009A   20026.87745753 -.00000241  00000-0  00000-0 0  9993
2 44048   0.0131  63.1806 0001812 246.9678 277.3420  1.00271446  3367
CHINASAT 6C (ZX 6C)     
1 44067U 19012A   20025.72573846 -.00000345  00000-0  99999+0 0  9992
2 44067   0.0801 262.1944 0003350  16.3783 237.1544  1.00270234  3322
WGS 10 (USA 291)        
1 44071U 19014A   20026.84019594 -.00000214  00000-0  00000+0 0  9998
2 44071   0.0388  97.6841 0000525 201.0849 297.4329  0.99306730  3217
TIANLIAN 2-01           
1 44076U 19017A   20026.79979903 -.00000140  00000-0  00000+0 0  9997
2 44076   2.3408 287.7557 0028901 212.3169 353.4056  1.00271104  3213
ARABSAT-6A              
1 44186U 19021A   20026.88868639  .00000148  00000-0  00000-0 0  9995
2 44186   0.0644 320.3293 0004129 328.3603 187.3343  1.00270759  2802
BEIDOU-3 IGSO-1         
1 44204U 19023A   20026.73049660 -.00000198  00000-0  10000-3 0  9997
2 44204  55.2905  62.4912 0014972 195.4133 245.7389  1.00279759  2960
BEIDOU-2 G8             
1 44231U 19027A   20026.93608014 -.00000141  00000-0  00000-0 0  9991
2 44231   1.3066 294.8123 0001599  62.5284 185.3064  1.00270346  2699
YAMAL 601               
1 44307U 19031A   20026.85809111  .00000114  00000-0  00000-0 0  9991
2 44307   0.0197 104.5567 0001873 213.9389 164.9969  1.00270717  2561
AT&T T-16               
1 44333U 19034A   20027.14427671 -.00000121  00000-0  00000+0 0  9991
2 44333   0.0196  78.5010 0000582  53.3741 305.1020  1.00272364  2260
EUTELSAT 7C             
1 44334U 19034B   20026.99327130  .00000042  00000-0  00000+0 0  9994
2 44334   0.0025 194.0413 0003285 196.5880  99.6761  1.00269652  2735
BEIDOU-3 IGSO-2         
1 44337U 19035A   20026.85108153 -.00000111  00000-0  00000-0 0  9994
2 44337  55.0591 179.6106 0012448 182.2987 177.5778  1.00282171  2303
COSMOS 2539             
1 44457U 19048A   20026.77896803  .00000075  00000-0  00000+0 0  9995
2 44457   0.0321 140.2211 0000784 314.4838 323.2066  1.00273435  1832
EDRS-C                  
1 44475U 19049A   20027.23313391  .00000149  00000-0  00000+0 0  9996
2 44475   0.0316  91.1938 0000207 299.0937 210.7673  1.00273828  1812
INTELSAT 39 (IS-39)     
1 44476U 19049B   20026.86070819  .00000028  00000-0  00000-0 0  9997
2 44476   0.0181  62.1205 0000272  14.1708  61.0905  1.00271421  1791
AMOS-17                 
1 44479U 19050A   20026.89424344  .00000103  00000-0  00000-0 0  9995
2 44479   0.0170  64.1388 0000503 357.6253  42.7613  1.00270605  1811
AEHF-5 (USA 292)        
1 44481U 19051A   20026.82956494 -.00000160  00000-0  00000-0 0  9992
2 44481   6.2676 309.4525 0003341 334.6662  45.9041  1.00270834  1873
EUTELSAT 5 WEST B       
1 44624U 19067A   20022.25308973 -.00000050  00000-0  00000-0 0  9992
2 44624   0.0391 304.2507 0001616  97.2134 165.6899  1.00271327  1015
TJS-4                   
1 44637U 19070A   20027.09841088 -.00000176  00000-0  00000+0 0  9994
2 44637   0.0529 255.0799 0005481  83.4851 266.3277  1.00272486  1167
BEIDOU-3 IGSO-3         
1 44709U 19073A   20026.71219119 -.00000165  00000-0  00000-0 0  9998
2 44709  58.5991 305.3596 0023935 182.9916   0.9125  1.00274245  1050
TIBA-1                  
1 44800U 19080A   20024.63010581  .00000147  00000-0  00000+0 0  9997
2 44800   0.0360 126.5586 0001913 164.6456  94.4986  1.00274747   660
INMARSAT GX5            
1 44801U 19080B   20027.24354985 -.00000177  00000-0  00000+0 0  9991
2 44801   0.0407 178.4013 0001457 189.7196 289.3110  1.00271205   699
JCSAT-18 (KACIFIC 1)    
1 44868U 19091A   20024.58111192 -.00000210  00000-0  00000+0 0  9999
2 44868   0.0085 290.5426 0001760  34.5694 157.4453  1.00269568   677
ELEKTRO-L 3             
1 44903U 19095A   20023.79450450 -.00000004  00000-0  00000-0 0  9990
2 44903   0.5063 282.3448 0027276  42.6232 248.8114  1.00626691   290
SHIJIAN-20 (SJ-20)      
1 44910U 19097A   20026.84807983 -.00000367  00000-0  00000+0 0  9997
2 44910   0.0949 288.6520 0004197  61.5830 195.8059  1.00278894   306