GOES 1 (SMS-C) [-]      
1 08366U 75100A   20045.54349660 -.00000236  00000-0  00000-0 0  9996
2 08366  10.2244 306.5480 0004764 348.3060 324.0034  1.00265816161855
GOES 2 [-]              
1 10061U 77048A   20045.55279221  .00000074  00000-0  00000-0 0  9999
2 10061  11.6532 316.5134 0017671 357.3218 260.6573  0.99395188 23266
GOES 3 [-]              
1 10953U 78062A   20045.40975787  .00000021  00000-0  00000-0 0  9992
2 10953  11.8962 320.4670 0004898  15.3407 160.4340  0.99361433105538
GOES 4 [-]              
1 11964U 80074A   20045.10946186 -.00000262  00000-0  00000-0 0  9997
2 11964  12.7737 324.2234 0036181  40.8030 134.8186  0.99231770104468
GOES 5 [-]              
1 12472U 81049A   20046.05664250 -.00000298  00000-0  00000+0 0  9997
2 12472  13.2924 334.8603 0004560 341.7926 141.4852  1.00279883 99756
GOES 6 [-]              
1 14050U 83041A   20044.22620264 -.00000274  00000-0  00000-0 0  9994
2 14050  13.6903 339.9314 0003157  14.9797 154.4385  1.00274734192795
GOES 7 [-]              
1 17561U 87022A   20045.28999045 -.00000308  00000-0  00000+0 0  9997
2 17561  14.8585 356.0899 0008587 355.9776 210.3583  0.99902916103857
GOES 8 [-]              
1 23051U 94022A   20046.12475758  .00000023  00000-0  00000+0 0  9993
2 23051  12.4262  30.5205 0009105 312.3033  89.4669  0.98903193101236
GOES 9 [-]              
1 23581U 95025A   20045.39178728 -.00000175  00000-0  00000-0 0  9990
2 23581  11.9138  30.4413 0003735 359.9442   9.5354  0.98799938 89895
GOES 10 [-]             
1 24786U 97019A   20045.55098753  .00000048  00000-0  00000+0 0  9997
2 24786  10.4602  36.0015 0025151 192.0983 345.3347  0.99121135 83116
GOES 11 [-]             
1 26352U 00022A   20045.36613991 -.00000238  00000-0  00000-0 0  9995
2 26352   6.9116  65.8860 0004873 237.1231 319.3915  0.99045295 29541
GOES 12 [-]             
1 26871U 01031A   20045.96027951 -.00000268  00000-0  00000+0 0  9995
2 26871   8.0214  53.5395 0010121 270.9605 131.2649  0.99139728 67798
GOES 13 [B]             
1 29155U 06018A   20045.87713681  .00000053  00000-0  00000-0 0  9997
2 29155   0.3902  93.8834 0007765 182.7004 247.4607  0.99969843 20166
GOES 14 [S]             
1 35491U 09033A   20046.06110234 -.00000108  00000-0  00000+0 0  9995
2 35491   0.0267  99.8483 0009896 135.7345 186.7675  1.00271886 38958
GOES 15 [+]             
1 36411U 10008A   20045.73035601  .00000043  00000-0  00000-0 0  9997
2 36411   0.4048 276.6627 0001358 112.7365 249.3495  1.00267158 36477
GOES 16 [+]             
1 41866U 16071A   20045.85743595 -.00000262  00000-0  00000-0 0  9998
2 41866   0.0425  95.9723 0000826 285.2774 356.5271  1.00270876 11905
GOES-S [+]              
1 43226U 18022A   20045.59841088  .00000084  00000-0  00000-0 0  9996
2 43226   0.0184  80.2494 0000654 290.3552 211.6552  1.00272544  7206
