GORIZONT 1 [-]          
1 11158U 78118A   20027.00433841 -.00000136  00000-0  00000+0 0  9995
2 11158  12.5054 239.6847 3588721 234.1375  86.7870  1.00307634 99528
GORIZONT 2 [-]          
1 11440U 79062A   20026.09029521 -.00000044  00000-0  00000+0 0  9990
2 11440  11.1936 312.2570 0005427 331.8135 304.4866  1.00237904114604
GORIZONT 3 [-]          
1 11648U 79105A   20025.91160410  .00000142  00000-0  00000+0 0  9999
2 11648  11.3303 313.5298 0009137 193.6960 346.5307  1.00292008 99051
GORIZONT 4 [-]          
1 11841U 80049A   20026.79414709 -.00000008  00000-0  00000+0 0  9995
2 11841  12.4096 318.5009 0005596 349.7373 191.4558  0.98627342210531
GORIZONT 5 [-]          
1 13092U 82020A   20026.72767323 -.00000130  00000-0  00000+0 0  9998
2 13092  13.2859 323.4636 0029726 189.3920 349.4244  0.98531640 98586
GORIZONT 6 [-]          
1 13624U 82103A   20026.30604858 -.00000294  00000-0  00000-0 0  9990
2 13624  12.1746 323.3745 0002526 355.8002 213.6853  1.00351277 97543
GORIZONT 7 [-]          
1 14160U 83066A   20026.12640215 -.00000209  00000-0  00000+0 0  9997
2 14160  13.6242 331.8190 0013560 309.7955 228.3962  0.98349457131837
GORIZONT 8 [-]          
1 14532U 83118A   20026.84131309 -.00000155  00000-0  00000+0 0  9996
2 14532  13.7427 333.5065 0025411 119.1922  99.6190  0.98270167 97600
GORIZONT 9 [-]          
1 14940U 84041A   20026.79855277 -.00000293  00000-0  00000+0 0  9999
2 14940  12.9566 331.8506 0002241 266.4922 271.0910  1.00283918 98622
GORIZONT 10 [-]         
1 15144U 84078A   20027.19397668  .00000054  00000-0  00000+0 0  9990
2 15144  13.0225 332.8360 0004835 343.9888 104.6170  1.00364461131210
GORIZONT 11 [-]         
1 15484U 85007A   20026.26013497 -.00000286  00000-0  00000-0 0  9991
2 15484  13.1405 334.7065 0003347  17.1493 156.6993  1.00368865129220
GORIZONT 12 [-]         
1 16769U 86044A   20026.36455650 -.00000264  00000-0  00000+0 0  9997
2 16769  13.5852 339.7767 0004662 324.4058  46.0835  1.00210198123870
GORIZONT 13 [-]         
1 17083U 86090A   20026.80060257 -.00000133  00000-0  00000+0 0  9997
2 17083  15.2549 346.3209 0019446 321.0472 227.5698  0.96726046 96090
GORIZONT 14 [-]         
1 17969U 87040A   20026.37341154 -.00000082  00000-0  00000+0 0  9999
2 17969  14.4991 338.2549 0025707 148.6043  57.0187  0.97658015 97053
GORIZONT 15 [-]         
1 19017U 88028A   20026.02765097 -.00000124  00000-0  00000+0 0  9997
2 19017  15.4122 349.4130 0031785 129.9734 219.5766  0.97829182 96656
GORIZONT 16 [-]         
1 19397U 88071A   20026.08797959  .00000093  00000-0  00000+0 0  9998
2 19397  14.2889 348.1954 0017276  17.6725 355.9228  0.99978074114898
GORIZONT 17 [-]         
1 19765U 89004A   20027.06031878 -.00000133  00000-0  00000+0 0  9990
2 19765  14.7150 351.3102 0018604  96.7653 345.8969  0.99064803112454
GORIZONT 18 [-]         
1 20107U 89052A   20027.12292660  .00000000  00000-0  00000+0 0  9992
2 20107  14.7026 352.6088 0038505 298.2915 132.5821  0.99397298111215
GORIZONT 19 [-]         
1 20263U 89081A   20026.04702341  .00000117  00000-0  00000-0 0  9999
2 20263  14.4553 351.9449 0005845 302.2419 247.3333  1.00309288 23938
GORIZONT 20 [-]         
1 20659U 90054A   20025.68944522 -.00000186  00000-0  00000-0 0  9995
2 20659  14.7766 354.8296 0001651 152.5402 306.8986  1.00320157108293
GORIZONT 21 [-]         
1 20923U 90094A   20026.26502019 -.00000299  00000-0  00000-0 0  9994
2 20923  14.7514 355.6069 0003095 269.7837 269.6556  1.00206413107041
GORIZONT 22 [-]         
1 20953U 90102A   20026.06638376  .00000119  00000-0  00000-0 0  9991
2 20953  14.6974 355.9316 0007413 334.3828 217.3314  1.00181735106969
GORIZONT 23 [-]         
1 21533U 91046A   20026.37341154 -.00000122  00000-0  00000+0 0  9997
2 21533  15.2978 359.8497 0009164 308.4747 238.0832  0.98907343 97641
GORIZONT 24 [-]         
1 21759U 91074A   20026.23660419 -.00000245  00000-0  00000-0 0  9998
2 21759  15.3744   1.6082 0015913 217.9753 139.5308  0.98445071101975
GORIZONT 25 [-]         
1 21922U 92017A   20027.12392272 -.00000058  00000-0  00000+0 0  9997
2 21922  14.9337   1.1394 0028202  45.3779 130.3481  0.99856815101634
GORIZONT 26 [-]         
1 22041U 92043A   20026.30017632 -.00000309  00000-0  00000-0 0  9992
2 22041  15.0233   2.9690 0029447 220.7735 140.3494  0.99244876100312
GORIZONT 27 [-]         
1 22245U 92082A   20026.13076396 -.00000037  00000-0  00000+0 0  9991
2 22245  14.9491   2.8524 0017282 334.8913 195.3717  1.00208327103760
GORIZONT 28 [-]         
1 22880U 93069A   20026.23605782 -.00000170  00000-0  00000-0 0  9999
2 22880  14.9252   6.4668 0029220 102.8775 270.9067  0.99658884 95877
GORIZONT 29 [-]         
1 22907U 93072A   20026.36525439 -.00000275  00000-0  00000-0 0  9993
2 22907  14.8559   6.0483 0015686 317.8897  29.5261  1.00116807 95805
GORIZONT 30 [-]         
1 23108U 94030A   20026.23868955 -.00000145  00000-0  00000+0 0  9996
2 23108  14.8280   7.0056 0004114 308.1297 240.8354  1.00282847 94086
GORIZONT 31 [-]         
1 23775U 96005A   20025.43302631 -.00000276  00000-0  00000+0 0  9990
2 23775  14.4701  12.8883 0015842 189.5159 180.4030  0.99885536 87724
GORIZONT 32 [-]         
1 23880U 96034A   20026.23623230 -.00000059  00000-0  00000+0 0  9998
2 23880  14.3962  13.4627 0013360 320.1085  47.0510  1.00219128 86660
GORIZONT 33 [-]         
1 26372U 00029A   20026.14364156 -.00000060  00000-0  00000-0 0  9998
2 26372  12.6326  23.8507 0004266 334.1331  67.3309  1.00157322 72023