INTELSAT 26 (IS-26)     
1 24732U 97007A   20045.85774062 -.00000009  00000-0  00000+0 0  9990
2 24732   8.8666  43.7184 0004792 321.5383 151.4915  1.00273243 84075
GALAXY 25 (G-25)        
1 24812U 97026A   20046.14424466  .00000140  00000-0  00000+0 0  9998
2 24812   1.6339  91.5013 0003536 233.6977 264.2010  1.00270366 83162
INTELSAT 5 (IS-5)       
1 24916U 97046A   20046.12505913  .00000075  00000-0  00000+0 0  9997
2 24916   5.4596  66.2458 0002030 271.5045  74.8617  1.00274540 82414
INTELSAT 805 (IS-805)   
1 25371U 98037A   20045.78851098  .00000101  00000-0  00000-0 0  9994
2 25371   2.1658  88.7725 0008344 120.5320 276.4500  0.99471567 79346
GALAXY 11 (G-11)        
1 26038U 99071A   20045.59216028 -.00000176  00000-0  00000-0 0  9994
2 26038   0.9237  98.5540 0000645 337.5184 188.0483  1.00271303 73873
INTELSAT 9 (IS-9)       
1 26451U 00043A   20045.85831769 -.00000214  00000-0  00000-0 0  9991
2 26451   5.4483  66.4605 0004596 277.1879  87.2475  1.00105298 20940
INTELSAT 12 (IS-12)     
1 26590U 00068A   20045.75535441 -.00000002  00000-0  00000+0 0  9993
2 26590   2.6461  87.3065 0003168 234.7898 158.2755  1.00271708 70591
INTELSAT 1R (IS-1R)     
1 26608U 00072A   20045.76924539 -.00000153  00000-0  00000-0 0  9997
2 26608   2.4386  86.9657 0000912 297.7240 193.5671  1.00272340 18113
INTELSAT 10 (IS-10)     
1 26766U 01019A   20046.15827421  .00000109  00000-0  00000+0 0  9999
2 26766   3.6139  79.8239 0002366 260.0081 269.2540  1.00271949 68727
INTELSAT 901 (IS-901)   
1 26824U 01024A   20045.82237149 -.00000199  00000-0  00000+0 0  9995
2 26824   1.6164  91.4658 0001453 344.8852 177.4045  0.99200292 68388
INTELSAT 902 (IS-902)   
1 26900U 01039A   20046.05535306 -.00000131  00000-0  00000+0 0  9994
2 26900   0.3270  98.4380 0005202 245.3660 170.7133  1.00065456 67561
DIRECTV 4S              
1 26985U 01052A   20045.59216028 -.00000059  00000-0  00000-0 0  9997
2 26985   0.4113  95.8693 0004603 272.4645 259.1250  0.99260320 28098
INTELSAT 904 (IS-904)   
1 27380U 02007A   20046.11155940 -.00000228  00000-0  00000+0 0  9999
2 27380   1.1683  94.6556 0002920 252.2776 168.2793  1.00271157 65887
INTELSAT 903 (IS-903)   
1 27403U 02016A   20046.11125846 -.00000239  00000-0  00000+0 0  9999
2 27403   1.9985  89.7834 0001454 286.3290 137.0015  1.00271345 65442
DIRECTV 5 (TEMPO 1)     
1 27426U 02023A   20045.63868708 -.00000070  00000-0  00000+0 0  9992
2 27426   0.0163 113.0128 0003328 235.5175 275.3736  1.00272499 65102
INTELSAT 905 (IS-905)   
1 27438U 02027A   20046.10853715 -.00000199  00000-0  00000+0 0  9996
2 27438   0.9882  95.6499 0002654 233.5103 189.9697  1.00272092 64764
GALAXY 3C (G-3C)        
1 27445U 02030A   20045.49145345 -.00000164  00000-0  00000-0 0  9995
2 27445   0.0123 110.2336 0001961 243.7289 231.8843  1.00268099 23298
INTELSAT 906 (IS-906)   
1 27513U 02041A   20045.75535441  .00000001  00000-0  00000+0 0  9990
2 27513   0.0150 143.1145 0002855 211.2213 125.9520  1.00272801 63764
INTELSAT 907 (IS-907)   
1 27683U 03007A   20046.11574926 -.00000216  00000-0  00000+0 0  9992
2 27683   0.0131 130.5519 0002442 213.9525 174.2243  1.00271555 62182
GALAXY 12 (G-12)        
1 27715U 03013B   20045.73035601  .00000045  00000-0  00000-0 0  9994
2 27715   1.2038  93.7712 0001992 249.0303 295.3010  1.00271784 28931
GALAXY 23 (G-23)        
1 27854U 03034A   20045.73035601 -.00000001  00000-0  00000+0 0  9993
2 27854   0.0438 262.6006 0003047  62.7365 320.7865  1.00270804 65338
GALAXY 13 (HORIZONS 1)  
1 27954U 03044A   20045.73035601  .00000035  00000-0  00000+0 0  9991
2 27954   0.0204 244.2903 0000200 116.5767 279.2090  1.00270543 59942
DIRECTV 7S              
1 28238U 04016A   20045.73035601 -.00000012  00000-0  00000-0 0  9994
2 28238   0.0124 112.7445 0003235 235.2561 300.0645  1.00270596 57856
INTELSAT 10-02          
1 28358U 04022A   20046.05535306 -.00000025  00000-0  00000+0 0  9990
2 28358   0.0159 123.0434 0002678 220.6429 179.7399  1.00271508 57425
XM-3 (RHYTHM)           
1 28626U 05008A   20046.05601753 -.00000219  00000-0  00000+0 0  9998
2 28626   0.0054 152.0282 0000511 244.3680  43.1536  1.00269787 54864
SPACEWAY 1              
1 28644U 05015A   20045.76924539 -.00000245  00000-0  00000-0 0  9993
2 28644   0.8187  94.7215 0000798 323.4750 155.9752  0.98491698 23380
DIRECTV 8               
1 28659U 05019A   20045.70535387 -.00000130  00000-0  00000+0 0  9998
2 28659   0.0166 138.2039 0002908 199.4400 319.6809  1.00271452 53979
GALAXY 28 (G-28)        
1 28702U 05022A   20045.86299321 -.00000199  00000-0  00000-0 0  9999
2 28702   0.0190  93.2408 0002017 235.9819  36.7685  1.00270012 28901
GALAXY 14 (G-14)        
1 28790U 05030A   20045.58730094  .00000023  00000-0  00000-0 0  9996
2 28790   0.0567 290.4516 0002551  42.4741 257.5563  1.00273264 53105
GALAXY 15 (G-15)        
1 28884U 05041A   20045.59823729  .00000065  00000-0  00000-0 0  9997
2 28884   0.0603 274.9989 0001630  46.2662 265.1537  1.00271371 52542
SPACEWAY 2              
1 28903U 05046B   20045.11048069 -.00000140  00000-0  00000+0 0  9992
2 28903   0.0113 121.9017 0000542 307.7212  14.6664  1.00271277 52284
GALAXY 16 (G-16)        
1 29236U 06023A   20045.70535387 -.00000140  00000-0  00000+0 0  9997
2 29236   0.0145 114.7768 0003145 232.1674 312.1286  1.00271063 50059
DIRECTV 9S              
1 29494U 06043A   20045.70535387 -.00000127  00000-0  00000+0 0  9990
2 29494   0.0182 156.7851 0003085 177.7038 322.3798  1.00271203 48892
XM-4 (BLUES)            
1 29520U 06049A   20045.63868708 -.00000036  00000-0  00000+0 0  9993
2 29520   0.0030 147.6450 0000178 210.8176 260.2595  1.00269976 48787
GALAXY 17 (G-17)        
1 31307U 07016B   20045.86854750 -.00000188  00000-0  00000-0 0  9990
2 31307   0.0188  65.7562 0003308 278.0921  22.1555  1.00271866 46749
DIRECTV 10              
1 31862U 07032A   20045.70535387 -.00000117  00000-0  00000+0 0  9990
2 31862   0.0403 289.5532 0000197 119.9484 245.8324  1.00270442 46194
SPACEWAY 3              
1 32018U 07036A   20045.49145345 -.00000164  00000-0  00000-0 0  9998
2 32018   0.0063 294.7587 0000021 192.8161  98.3421  1.00265226 23363
INTELSAT 11 (IS-11)     
1 32253U 07044B   20046.06160545 -.00000283  00000-0  00000+0 0  9992
2 32253   0.0124 111.0135 0001986 256.6107 116.0747  1.00272332 45327
HORIZONS 2              
1 32388U 07063B   20045.94686006 -.00000196  00000-0  00000-0 0  9997
2 32388   0.0127 103.5743 0002894 229.9016 236.6328  1.00272406 44652
DIRECTV 11              
1 32729U 08013A   20045.70535387 -.00000141  00000-0  00000+0 0  9990
2 32729   0.0048 153.7800 0000750 190.0852 315.0548  1.00279156 43721
GALAXY 18 (G-18)        
1 32951U 08024A   20045.82584094  .00000012  00000-0  00000-0 0  9998
2 32951   0.0120 110.3484 0003076 232.2657 335.9492  1.00272094 22687
INTELSAT 25 (IS-25)     
1 33153U 08034A   20045.49146597 -.00000238  00000-0  00000-0 0  9990
2 33153   0.0149 143.8404 0002786 157.0999 348.4322  1.00270483 42522
GALAXY 19 (G-19)        
1 33376U 08045A   20045.37271726 -.00000152  00000-0  00000-0 0  9994
2 33376   0.0157 120.1150 0003098 216.7759 204.1129  1.00271638 41736
SIRIUS FM-5             
1 35493U 09034A   20045.49085108 -.00000214  00000-0  00000+0 0  9993
2 35493   0.0071 296.6978 0000761 104.2749 193.5350  1.00272683 38761
INTELSAT 14 (IS-14)     
1 36097U 09064A   20046.06160545 -.00000288  00000-0  00000+0 0  9991
2 36097   0.0113 120.0027 0002424 210.0839 151.6062  1.00272877 37497
INTELSAT 15 (IS-15)     
1 36106U 09067A   20045.89971212 -.00000199  00000-0  00000-0 0  9998
2 36106   0.0171 107.9130 0002154 231.8216 213.6771  1.00270502 18107
DIRECTV 12              
1 36131U 09075A   20045.70535387 -.00000117  00000-0  00000+0 0  9993
2 36131   0.0417 280.6625 0000223 121.4681 253.1465  1.00270967 37173
INTELSAT 16 (IS-16)     
1 36397U 10006A   20046.03174517 -.00000259  00000-0  00000+0 0  9991
2 36397   0.0149 117.2045 0001973 219.0449 103.4494  1.00272447 36532
XM-5                    
1 37185U 10053A   20045.58660312 -.00000218  00000-0  00000-0 0  9997
2 37185   0.0178 116.2774 0002135 301.0468 212.6752  1.00271538 34282
INTELSAT 17 (IS-17)     
1 37238U 10065B   20045.91277521 -.00000016  00000-0  00000-0 0  9998
2 37238   0.0151 135.2391 0002473 190.4318 213.2845  1.00272430 30230
INTELSAT NEW DAWN       
1 37392U 11016A   20046.14424466  .00000142  00000-0  00000+0 0  9992
2 37392   0.0194 156.5957 0000925 320.7553 111.9867  1.00273046 32314
INTELSAT 18 (IS-18)     
1 37834U 11056A   20045.75813112  .00000039  00000-0  00000-0 0  9999
2 37834   0.0096 140.2867 0002714 211.5958 245.2610  1.00273428 30735
INTELSAT 22 (IS-22)     
1 38098U 12011A   20045.90341847 -.00000073  00000-0  00000-0 0  9991
2 38098   0.0111  94.5079 0002715 242.8710 204.3126  1.00272570 28626
INTELSAT 19 (IS-19)     
1 38356U 12030A   20045.68911828 -.00000071  00000-0  00000-0 0  9994
2 38356   0.0105 137.7266 0003038 206.0907 214.3969  1.00271685 27253
INTELSAT 20 (IS-20)     
1 38740U 12043A   20045.88313432 -.00000038  00000-0  00000-0 0  9997
2 38740   0.0234 119.3248 0002770  58.9095 352.5269  1.00271294 27549
INTELSAT 21 (IS-21)     
1 38749U 12045A   20045.54216185 -.00000299  00000-0  00000+0 0  9996
2 38749   0.0107 116.3115 0001059 332.6818 192.1826  1.00272445 27424
INTELSAT 23 (IS-23)     
1 38867U 12057A   20046.02063088 -.00000299  00000-0  00000+0 0  9996
2 38867   0.0139 107.5339 0001802 223.0832 128.2764  1.00270872 26900
SIRIUS FM-6             
1 39360U 13058A   20044.98675074 -.00000031  00000-0  00000+0 0  9998
2 39360   0.0185  89.0294 0000687  69.8545 223.6403  1.00273485 23136
INTELSAT 30 (IS-30)     
1 40271U 14062A   20044.83035469 -.00000164  00000-0  00000+0 0  9996
2 40271   0.0167 103.3571 0002511   4.2875 239.5171  1.00273933 19540
INTELSAT 34 (IS-34)     
1 40874U 15039A   20045.15882785 -.00000299  00000-0  00000+0 0  9996
2 40874   0.0179 105.8702 0000216 131.1093 268.3218  1.00272646 16456
INTELSAT 31 (IS-31)     
1 41581U 16035A   20045.04889019 -.00000164  00000-0  00000+0 0  9995
2 41581   0.0152 179.1040 0002247  23.7567 223.1838  1.00271051 13486
INTELSAT 36 (IS-36)     
1 41747U 16053A   20046.01513010 -.00000038  00000-0  00000+0 0  9992
2 41747   0.0128  75.7206 0001244 295.7604 206.9184  1.00272036 12753
INTELSAT 33E (IS-33E)   
1 41748U 16053B   20045.92399286  .00000035  00000-0  00000-0 0  9996
2 41748   0.0266  23.5816 0001638 305.7768 207.6433  1.00271158 13047
INTELSAT 32E (IS-32E)   
1 41945U 17007B   20045.92624799 -.00000283  00000-0  00000+0 0  9990
2 41945   0.0163 110.3121 0000303  95.1284 229.2070  1.00271662 11042
INTELSAT 35E (IS-35E)   
1 42818U 17041A   20046.01507660 -.00000252  00000-0  00000+0 0  9992
2 42818   0.0240 170.2002 0002029 176.3647 128.8201  1.00270187  9636
INTELSAT 37E (IS-37E)   
1 42950U 17059A   20046.00396484 -.00000155  00000-0  00000+0 0  9999
2 42950   0.0150 111.2428 0002105 211.1480 165.4696  1.00272089  8848
AZERSPACE 2 (IS-38)     
1 43632U 18074A   20045.95197608  .00000122  00000-0  00000-0 0  9999
2 43632   0.0139 111.1184 0001430 222.9583 198.1467  1.00270145  5303
HORIZONS 3E             
1 43633U 18074B   20045.89493854 -.00000045  00000-0  00000-0 0  9990
2 43633   0.0073 241.0203 0000228  90.7739 303.7242  1.00271811  5142
INTELSAT 39 (IS-39)     
1 44476U 19049B   20045.97202251  .00000020  00000-0  00000+0 0  9998
2 44476   0.0180 111.2926 0000651 301.2615 143.7261  1.00270703  1979
