COSMOS 2361 [-]         
1 25590U 98076A   20046.42821016  .00000032  00000-0  18037-4 0  9995
2 25590  82.9342 116.6812 0032745  61.1375 309.7135 13.72975265 59481
COSMOS 2378 [-]         
1 26818U 01023A   20045.83314064  .00000030  00000-0  15904-4 0  9997
2 26818  82.9300 136.7199 0033463  13.6181 346.5871 13.73939914937095
COSMOS 2389 [-]         
1 27436U 02026A   20045.70200215  .00000016  00000-0  12877-5 0  9997
2 27436  82.9481  81.6768 0045186 236.6621 252.5486 13.74942458889051
COSMOS 2398 [-]         
1 27818U 03023A   20045.77336948  .00000022  00000-0  84222-5 0  9999
2 27818  82.9469  40.4507 0029831 262.6649  97.1120 13.72175017836319
COSMOS 2407 [+]         
1 28380U 04028A   20045.81140413  .00000021  00000-0  66230-5 0  9993
2 28380  82.9633 348.3508 0037771 243.7935 115.9345 13.76073572781761
COSMOS 2414 [+]         
1 28521U 05002A   20046.37640333  .00000007  00000-0 -80142-5 0  9994
2 28521  82.9517 353.1365 0041777  85.0156 275.5773 13.87617124763247
COSMOS 2429 [-]         
1 32052U 07038A   20046.41825894  .00000025  00000-0  10731-4 0  9996
2 32052  82.9795 110.7943 0037767 213.8609 146.0135 13.74923385623778
COSMOS 2454 [-]         
1 35635U 09039A   20046.30144925  .00000038  00000-0  18246-4 0  9999
2 35635  82.9597 341.1336 0020475  41.4397 318.8316 13.89648425536207
COSMOS 2463 [+]         
1 36519U 10017A   20046.19894148  .00000109  00000-0  10313-3 0  9990
2 36519  82.9627 149.5254 0037581  70.7011 289.8202 13.71441618490831
