ONEWEB-0012             
1 44057U 19010A   20046.10876192  .00000050  00000-0  90241-4 0  9992
2 44057  87.9263 358.9800 0001851  86.5559 273.5786 13.21811428 46596
ONEWEB-0010             
1 44058U 19010B   20045.88326775  .00000061  00000-0  11593-3 0  9998
2 44058  87.9254 359.0240 0001850  83.8406 276.2938 13.21810628 46610
ONEWEB-0008             
1 44059U 19010C   20045.88003794  .00000052  00000-0  95056-4 0  9999
2 44059  87.9253 359.0237 0001913  83.0168 277.1183 13.21810309 46701
ONEWEB-0007             
1 44060U 19010D   20045.88481555  .00000054  00000-0  99336-4 0  9993
2 44060  87.9248 359.0322 0001711  76.1173 284.0152 13.21814267 46730
ONEWEB-0006             
1 44061U 19010E   20045.88636960  .00000014  00000-0  21214-5 0  9993
2 44061  87.9245 359.0308 0001857  82.8921 277.2424 13.21810668 46779
ONEWEB-0011             
1 44062U 19010F   20045.88788901  .00000056  00000-0  10321-3 0  9998
2 44062  87.9256 359.0199 0001905  83.1786 276.9564 13.21814782 46779
ONEWEB A                
1 45131U 20008A   20046.48222549  .00002006  00000-0  50903-4 0  9991
2 45131  87.4006 161.6173 0015368 260.2470  99.7049 15.38863648  2080
ONEWEB B                
1 45132U 20008B   20046.37543073  .00003358  00000-0  98519-4 0  9994
2 45132  87.4053 161.6790 0018874 275.8694  84.0406 15.34591595  2060
ONEWEB C                
1 45133U 20008C   20046.35831167 -.00000676  00000-0 -19426-4 0  9999
2 45133  87.4050 161.6696 0019232 271.2243  88.6807 15.37714146  2069
ONEWEB D                
1 45134U 20008D   20046.48296742 -.00000871  00000-0 -23922-4 0  9991
2 45134  87.4032 161.6174 0015896 260.8451  99.1005 15.38724764  2186
ONEWEB E                
1 45135U 20008E   20045.84423532  .00002304  00000-0  63404-4 0  9990
2 45135  87.4018 161.8526 0015792 286.7802  73.1719 15.36452773  1961
ONEWEB F                
1 45136U 20008F   20045.85045016  .00002215  00000-0  63276-4 0  9997
2 45136  87.4012 161.8577 0017700 273.6780  86.2448 15.35232584  1221
ONEWEB G                
1 45137U 20008G   20046.43104470  .00000994  00000-0  26759-4 0  9990
2 45137  87.4051 161.6485 0015185 282.1293  77.8258 15.36332325  2052
ONEWEB H                
1 45138U 20008H   20046.44265117  .00003068  00000-0  90978-4 0  9997
2 45138  87.4033 161.6543 0019192 283.6287  76.2828 15.34215437  2046
ONEWEB J                
1 45139U 20008J   20046.35758097 -.00000504  00000-0 -14713-4 0  9999
2 45139  87.4009 161.6628 0018967 269.7672  90.1409 15.37851382  2202
ONEWEB K                
1 45140U 20008K   20046.42202435  .00001322  00000-0  34046-4 0  9997
2 45140  87.4037 161.6439 0018964 267.6684  92.2399 15.37974088  1313
ONEWEB L                
1 45141U 20008L   20046.55824873  .00004386  00000-0  11995-3 0  9998
2 45141  87.4028 161.6006 0018113 281.4874  78.4345 15.36893131  2186
ONEWEB M                
1 45142U 20008M   20045.85797481  .00002018  00000-0  60368-4 0  9994
2 45142  87.4029 161.8613 0016804 286.6245  73.3162 15.33753117  1229
ONEWEB N                
1 45143U 20008N   20046.37471067  .00010430  00000-0  30671-3 0  9992
2 45143  87.4014 161.6721 0018961 276.2526  83.6567 15.34773303  2173
ONEWEB P                
1 45144U 20008P   20046.36230322  .00006217  00000-0  16977-3 0  9990
2 45144  87.4034 161.6657 0018052 280.7427  79.1794 15.37023710  2158
ONEWEB Q                
1 45145U 20008Q   20046.11179436  .00003751  00000-0  10848-3 0  9993
2 45145  87.4046 161.7663 0018102 273.0527  86.8654 15.35099797  2035
ONEWEB R                
1 45146U 20008R   20046.43291664  .00002246  00000-0  62715-4 0  9996
2 45146  87.4032 161.6473 0014996 277.0466  82.9081 15.36004301  2086
ONEWEB S                
1 45147U 20008S   20046.37944065 -.00000248  00000-0 -89009-5 0  9998
2 45147  87.4037 161.6774 0016414 283.9516  75.9910 15.33825339  2076
ONEWEB T                
1 45148U 20008T   20046.10663890  .00004896  00000-0  13777-3 0  9992
2 45148  87.4037 161.7629 0014588 282.4772  77.4849 15.36098375  2023
ONEWEB U                
1 45149U 20008U   20046.12084357  .00001605  00000-0  48349-4 0  9999
2 45149  87.4047 161.7721 0015618 281.5014  78.4484 15.33383887  2020
ONEWEB V                
1 45150U 20008V   20046.10603824  .00002083  00000-0  57653-4 0  9994
2 45150  87.4007 161.7597 0015057 283.2602  76.6972 15.36223073  2023
ONEWEB W                
1 45151U 20008W   20046.38120200  .00016125  00000-0  49351-3 0  9994
2 45151  87.4016 161.6766 0015591 281.0798  78.8700 15.33595469  2061
ONEWEB X                
1 45152U 20008X   20046.30328236  .00002307  00000-0  64696-4 0  9993
2 45152  87.4045 161.6979 0015099 275.2696  84.6834 15.35884481  2065
ONEWEB Y                
1 45153U 20008Y   20046.44576273 -.00000103  00000-0 -44868-5 0  9999
2 45153  87.4060 161.6583 0016628 283.1485  76.7911 15.33656615  2058
ONEWEB Z                
1 45154U 20008Z   20046.11331551  .00003489  00000-0  10162-3 0  9998
2 45154  87.4039 161.7682 0019405 275.7092  84.1947 15.34828818  2029
ONEWEB AA               
1 45155U 20008AA  20046.42400152  .00003637  00000-0  96873-4 0  9996
2 45155  87.4022 161.6425 0019245 272.2199  87.6851 15.37616807  2082
ONEWEB AB               
1 45156U 20008AB  20046.44334451  .00002982  00000-0  88770-4 0  9996
2 45156  87.4041 161.6526 0018534 283.0805  76.8378 15.34090224  2057
ONEWEB AC               
1 45157U 20008AC  20046.44405744 -.00011293  00000-0 -34569-3 0  9994
2 45157  87.4028 161.6562 0017424 286.4661  73.4675 15.33876205  2050
ONEWEB AD               
1 45158U 20008AD  20045.85167563  .00002146  00000-0  61703-4 0  9999
2 45158  87.4023 161.8584 0018713 274.5493  85.3622 15.34991068  1223
ONEWEB AE               
1 45159U 20008AE  20046.43423835  .00002377  00000-0  66947-4 0  9993
2 45159  87.4026 161.6459 0015467 273.4690  86.4794 15.35768152  2057
ONEWEB AF               
1 45160U 20008AF  20046.43639568  .00001923  00000-0  54581-4 0  9994
2 45160  87.4035 161.6506 0017190 270.4278  89.5004 15.35357929  2050
ONEWEB AG               
1 45161U 20008AG  20046.10315535  .00003787  00000-0  10387-3 0  9999
2 45161  87.4032 161.7599 0017538 283.9674  75.9629 15.36761872  2000
ONEWEB AH               
1 45162U 20008AH  20046.03611455  .00005413  00000-0  14724-3 0  9999
2 45162  87.4030 161.7831 0018617 281.4595  78.4567 15.37106799  1989
ONEWEB AJ               
1 45163U 20008AJ  20046.36971909  .00006570  00000-0  18779-3 0  9998
2 45163  87.4038 161.6733 0015262 270.5742  89.3762 15.35664092  2032
ONEWEB AK               
1 45164U 20008AK  20046.44129540  .00003528  00000-0  10397-3 0  9992
2 45164  87.4027 161.6520 0019083 277.8146  82.0940 15.34471451  2041
