CALSPHERE 1             
1 00900U 64063C   20045.95183038  .00000206  00000-0  21148-3 0  9993
2 00900  90.1515  26.3890 0029443  68.4489 345.4814 13.73331486753509
CALSPHERE 2             
1 00902U 64063E   20045.77061670  .00000006  00000-0 -44573-5 0  9990
2 00902  90.1598  28.9704 0020157 104.2895  14.2182 13.52679819543369
LCS 1                   
1 01361U 65034C   20045.94643221  .00000019  00000-0  13570-2 0  9999
2 01361  32.1389 271.7997 0005189  15.2735 344.7919  9.89296855980697
TEMPSAT 1               
1 01512U 65065E   20045.92856480  .00000011  00000-0  45258-5 0  9995
2 01512  89.8645 227.6347 0067924 266.9587 267.9996 13.33426957651624
CALSPHERE 4(A)          
1 01520U 65065H   20045.91675529  .00000023  00000-0  26553-4 0  9995
2 01520  90.0424 128.6905 0071721 149.4377 330.7554 13.35806923653701
OPS 5712 (P/L 160)      
1 02826U 67053A   20045.85425771  .00000368  00000-0  11315-3 0  9990
2 02826  69.9284 128.1940 0003255 148.0970 212.0361 14.48968214729030
OPS 5712 (P/L 153)      
1 02874U 67053H   20046.42181785 -.00000044  00000-0  70403-5 0  9998
2 02874  69.9744  32.1578 0009629 304.8010  55.2189 13.96343050684237
SURCAL 150B             
1 02909U 67053J   20046.10089022  .00000559  00000-0  12605-3 0  9991
2 02909  69.9482 156.7374 0005354 210.2394 149.8437 14.61598065739359
RIGIDSPHERE 2 (LCS 4)   
1 05398U 71067E   20046.14431344  .00000109  00000-0  32326-4 0  9992
2 05398  87.6189 258.1613 0062004 320.9765  38.6966 14.33859420542206
