RADUGA 1 [-]            
1 08513U 75123A   20045.89941205 -.00000103  00000-0  00000-0 0  9999
2 08513   8.5614 300.0264 0003542 197.1062  47.1908  1.00246854171602
RADUGA 2 [-]            
1 09416U 76092A   20045.75535441  .00000007  00000-0  00000-0 0  9996
2 09416   9.2069 301.8718 0029317 336.2530 201.5801  1.00275834106138
RADUGA 3 [-]            
1 10159U 77071A   20044.67339919 -.00000363  00000-0  00000+0 0  9997
2 10159   9.7994 304.2132 0005751 225.8010 328.0561  1.00249647153835
RADUGA 4 [-]            
1 10987U 78073A   20045.84354775  .00000136  00000-0  00000+0 0  9993
2 10987  10.3801 307.2726 0012038 344.1975 196.4240  1.00247325 96380
RADUGA 5 [-]            
1 11343U 79035A   20045.89421816 -.00000140  00000-0  00000-0 0  9992
2 11343  10.8035 309.6931 0003783  93.6007 141.7411  1.00295224106144
RADUGA 6 [-]            
1 11708U 80016A   20045.84968028  .00000120  00000-0  00000-0 0  9991
2 11708  11.1164 312.3772 0001454   5.3745 176.6378  1.00298842 98959
RADUGA 7 [-]            
1 12003U 80081A   20045.55219032 -.00000007  00000-0  00000-0 0  9999
2 12003  11.2662 314.1204 0009025 269.1913   1.6543  1.00163465100093
RADUGA 8 [-]            
1 12351U 81027A   20045.98551601 -.00000324  00000-0  00000+0 0  9995
2 12351  11.5864 314.8026 0080975 203.5196  78.8397  1.00409612 99304
RADUGA 9 [-]            
1 12618U 81069A   20045.80058168  .00000119  00000-0  00000-0 0  9990
2 12618  11.7549 317.2970 0004128  45.5360 111.4916  1.00317217 24139
RADUGA 10 [-]           
1 12897U 81102A   20045.81722590 -.00000058  00000-0  00000-0 0  9998
2 12897  11.8218 318.1351 0002167 114.0541  75.6944  1.00292635 94134
RADUGA 11 [-]           
1 13669U 82113A   20045.01854737 -.00000173  00000-0  00000-0 0  9998
2 13669  13.5906 330.2941 0036555 235.5309 304.3686  0.97709814 98916
RADUGA 12 [-]           
1 13974U 83028A   20045.13500303 -.00000052  00000-0  00000-0 0  9999
2 13974  12.7433 327.0400 0004974  20.6480 273.7881  1.00253501146167
RADUGA 13 [-]           
1 14307U 83088A   20044.07574567 -.00000198  00000-0  00000+0 0  9991
2 14307  13.7854 331.9226 0020382  13.9167 179.4380  0.98175509 96194
RADUGA 14 [-]           
1 14725U 84016A   20045.89941205 -.00000130  00000-0  00000-0 0  9992
2 14725  12.8508 330.3952 0004074  49.4312 164.6000  1.00299297 94894
RADUGA 15 [-]           
1 15057U 84063A   20045.68152875 -.00000364  00000-0  00000+0 0  9995
2 15057  12.9431 331.3602 0002990  72.4060 113.9032  1.00252170117889
RADUGA 16 [-]           
1 15946U 85070A   20045.34219417 -.00000305  00000-0  00000-0 0  9996
2 15946  13.2697 335.7408 0003365 355.5784 245.1197  1.00334022 99012
RADUGA 17 [-]           
1 16250U 85107A   20045.27361108 -.00000306  00000-0  00000-0 0  9994
2 16250  13.3505 337.0140 0008057 155.5664  61.1272  1.00160265128486
RADUGA 18 [-]           
1 16497U 86007A   20045.99424549 -.00000077  00000-0  00000+0 0  9999
2 16497  14.0909 339.5029 0070115 140.2469  50.2171  0.98813000123048
RADUGA 19 [-]           
1 17046U 86082A   20045.89753705 -.00000005  00000-0  00000+0 0  9992
2 17046  14.3885 343.1848 0008682 106.2075  93.6334  0.98458347120161
RADUGA 20 [-]           
1 17611U 87028A   20045.87938937 -.00000127  00000-0  00000+0 0  9996
2 17611  16.3038 346.7451 0025531 107.2079 122.0166  0.95961997116080
RADUGA 21 [-]           
1 18631U 87100A   20045.61098392 -.00000043  00000-0  00000+0 0  9991
2 18631  14.4158 344.5417 0003583  16.6511 243.4775  1.00358446117867
RADUGA 22 [-]           
1 19596U 88095A   20044.96558064  .00000102  00000-0  00000+0 0  9995
2 19596  14.2420 348.4774 0004217  54.0819 134.3211  1.00178051 98480
RADUGA 23 [-]           
1 19928U 89030A   20045.95684134  .00000109  00000-0  00000+0 0  9999
2 19928  14.3216 350.1986 0016176 134.1936  44.3140  1.00327463111632
RADUGA-1 1 [-]          
1 20083U 89048A   20045.43524670 -.00000014  00000-0  00000+0 0  9999
2 20083  14.9741 353.0352 0019557  79.3695  92.7567  0.98707732108411
RADUGA 24 [-]           
1 20367U 89098A   20045.80009628 -.00000229  00000-0  00000-0 0  9990
2 20367  14.8054 352.6197 0003502 344.1607 183.7280  1.00212962109765
RADUGA 25 [-]           
1 20499U 90016A   20045.69024133  .00000057  00000-0  00000-0 0  9991
2 20499  14.5529 353.1520 0002693   7.6271 219.7116  1.00275229109694
RADUGA 26 [-]           
1 21016U 90112A   20046.14785832  .00000059  00000-0  00000+0 0  9996
2 21016  14.7336 356.3222 0007750  27.7508 226.5997  1.00272279107038
RADUGA-1 2 [-]          
1 21038U 90116A   20044.95715938  .00000007  00000-0  00000+0 0  9994
2 21038  14.7687 356.4253 0007858  43.4552 149.9158  1.00223401106690
RADUGA 27 [-]           
1 21132U 91014A   20046.03289608  .00000113  00000-0  00000+0 0  9996
2 21132  15.2933 356.3044 0005841   6.2884 185.5173  1.00332438106095
RADUGA 28 [-]           
1 21821U 91087A   20045.89076899 -.00000339  00000-0  00000+0 0  9991
2 21821  14.9103 359.6905 0005165  49.1864 159.3765  1.00207474103140
RADUGA 29 [-]           
1 22557U 93013A   20044.80763755 -.00000385  00000-0  00000-0 0  9995
2 22557  14.9400   3.8395 0006008  37.9512 145.9957  1.00349034 98461
RADUGA 30 [-]           
1 22836U 93062A   20045.89197278 -.00000179  00000-0  00000-0 0  9991
2 22836  14.8985   5.7098 0006611 319.4084 221.5335  1.00271680 22796
RADUGA-1 3 [-]          
1 22981U 94008A   20045.33938465 -.00000321  00000-0  00000-0 0  9992
2 22981  14.9277   6.8897 0004715 355.8160   1.2053  1.00299422 95269
RADUGA 31 [-]           
1 23010U 94012A   20045.03244074  .00000095  00000-0  00000-0 0  9991
2 23010  14.8954   6.8744 0005429  15.6132 177.2968  1.00286939 95132
RADUGA 32 [-]           
1 23448U 94087A   20045.89257455 -.00000171  00000-0  00000-0 0  9995
2 23448  14.7634   9.4866 0004064 250.9769 285.4532  1.00273303109674
RADUGA-1 4 [-]          
1 25642U 99010A   20045.14865177  .00000114  00000-0  00000+0 0  9993
2 25642  14.8218  21.4000 0004910 286.4716 284.1999  1.00277056 76755
RADUGA-1 5 [-]          
1 26477U 00049A   20045.52340814  .00000079  00000-0  00000-0 0  9993
2 26477  12.5946  24.9748 0006291 350.1327   7.7433  1.00231748 71208
RADUGA-1 6 [-]          
1 26936U 01045A   20045.26646503 -.00000166  00000-0  00000-0 0  9993
2 26936  12.4902  30.8639 0011602 152.6455  18.4971  0.97745371 65973
RADUGA-1 7 [-]          
1 28194U 04010A   20045.52191347 -.00000306  00000-0  00000-0 0  9992
2 28194  10.9670  37.9438 0003454 282.2343 110.5361  1.00178854 58209
RADUGA-1M 1 [-]         
1 32373U 07058A   20045.36919317 -.00000149  00000-0  00000-0 0  9993
2 32373   5.0572  69.2228 0005221 280.0315 289.2276  0.99400332 29385
RADUGA-1 8 [-]          
1 34264U 09010A   20045.68865417  .00000117  00000-0  00000-0 0  9994
2 34264   7.5816  60.4670 0014446 326.9495  46.4832  0.99820161 40072
RADUGA-1M 2 [+]         
1 36358U 10002A   20046.02012354 -.00000198  00000-0  00000+0 0  9995
2 36358   0.0420 256.7874 0002729 111.0629 228.8458  1.00273130 36803
RADUGA-1M 3 [+]         
1 39375U 13062A   20045.25813200  .00000142  00000-0  10000-3 0  9992
2 39375   0.1408 104.1520 0003904 221.8813 305.8634  1.00272390 22913
