STARLINK-1073           
1 44914U 20001A   20027.25001157 -.00087930  00000-0 -12953-2 0  9998
2 44914  52.9986 297.3666 0001191  78.1550 240.1962 15.55002376  3179
STARLINK-1084           
1 44915U 20001B   20027.25001157 -.00074323  00000-0 -99408-3 0  9992
2 44915  52.9983 297.1921 0001117  74.5278  18.8217 15.57523893  3182
STARLINK-1097           
1 44916U 20001C   20027.25001157 -.00087620  00000-0 -12486-2 0  9997
2 44916  52.9990 297.3707 0001098  77.6081 305.7271 15.55898768  3181
STARLINK-1098           
1 44917U 20001D   20027.25001157 -.00087954  00000-0 -12430-2 0  9997
2 44917  52.9986 297.3095 0001082  79.7376 319.5502 15.56124050  3187
STARLINK-1099           
1 44918U 20001E   20027.25001157 -.00085919  00000-0 -12290-2 0  9991
2 44918  52.9981 297.3743 0001102  78.6099 296.6115 15.55787866  3911
STARLINK-1101           
1 44919U 20001F   20027.25001157 -.00084665  00000-0 -12310-2 0  9992
2 44919  52.9992 297.3281 0001146  81.3666 261.4379 15.55340015  3171
STARLINK-1102           
1 44920U 20001G   20027.25001157 -.00086118  00000-0 -12577-2 0  9994
2 44920  52.9994 297.3260 0001170  77.2491 257.4283 15.55227343  3176
STARLINK-1103           
1 44921U 20001H   20027.25001157 -.00084948  00000-0 -12301-2 0  9999
2 44921  52.9992 297.3307 0001141  77.7351 273.2196 15.55451650  3174
STARLINK-1104           
1 44922U 20001J   20027.25001157 -.00086191  00000-0 -12381-2 0  9990
2 44922  52.9991 297.3553 0001108  79.4662 287.6594 15.55675627  3188
STARLINK-1106           
1 44923U 20001K   20027.25001157 -.00089601  00000-0 -13314-2 0  9997
2 44923  52.9984 297.3889 0001302  63.8053 238.2295 15.54775427  3177
STARLINK-1111           
1 44924U 20001L   20027.25001157 -.00088093  00000-0 -12924-2 0  9998
2 44924  52.9996 297.3644 0001170  80.0922 246.4464 15.55114387  3171
STARLINK-1112           
1 44925U 20001M   20027.25001157 -.00089920  00000-0 -13420-2 0  9991
2 44925  52.9986 297.4218 0001242  73.7032 220.2381 15.54658045  3171
STARLINK-1113           
1 44926U 20001N   20027.25001157 -.00063004  00000-0 -82687-3 0  9999
2 44926  52.9980 297.1300 0001101  74.9730  49.7143 15.57957366  3921
STARLINK-1114           
1 44927U 20001P   20027.25001157 -.00063922  00000-0 -84584-3 0  9997
2 44927  52.9988 297.1640 0001088  77.8164  30.9270 15.57745576  3183
STARLINK-1119           
1 44928U 20001Q   20027.25001157 -.00063672  00000-0 -83902-3 0  9993
2 44928  52.9986 297.1473 0001074  81.9948  34.4264 15.57854854  3189
STARLINK-1121           
1 44929U 20001R   20027.25001157 -.00088524  00000-0 -13096-2 0  9993
2 44929  52.9986 297.3866 0001214  75.2780 234.8645 15.54890189  3170
STARLINK-1123           
1 44930U 20001S   20027.25001157 -.00087707  00000-0 -12446-2 0  9995
2 44930  52.9989 297.3185 0001091  78.4377 312.7931 15.56012467  3181
STARLINK-1128           
1 44931U 20001T   20027.25001157 -.00067440  00000-0 -88235-3 0  9998
2 44931  52.9976 297.1169 0001098  79.6474  52.3976 15.58068250  3927
STARLINK-1130 (DARKSAT) 
1 44932U 20001U   20027.25001157 -.00068355  00000-0 -90924-3 0  9993
2 44932  52.9985 297.1771 0001112  74.4896  26.6059 15.57634776  4417
STARLINK-1144           
1 44933U 20001V   20027.25001157 -.00086519  00000-0 -12481-2 0  9997
2 44933  52.9992 297.3492 0001111  82.7331 276.3732 15.55562731  4470
STARLINK-1071           
1 44934U 20001W   20026.91667824  .00061681  00000-0  44000-3 0  9993
2 44934  52.9979 298.2252 0006106 296.9330 341.3543 15.73209762  1817
STARLINK-1072           
1 44935U 20001X   20027.25001157  .00045753  00000-0  32859-3 0  9994
2 44935  52.9975 296.5533 0001226  61.6091 313.3130 15.73197992  3191
STARLINK-1078           
1 44936U 20001Y   20027.25001157  .00034901  00000-0  25206-3 0  9996
2 44936  52.9972 296.5652 0001368  60.3077 308.6405 15.73194197  3194
STARLINK-1079           
1 44937U 20001Z   20026.91667824 -.00007212  00000-0 -46921-4 0  9993
2 44937  52.9981 298.2139 0001167  65.7270 218.5589 15.73237125  3130
STARLINK-1082           
1 44938U 20001AA  20026.91667824 -.00034388  00000-0 -24122-3 0  9996
2 44938  52.9980 298.2355 0001299  63.2727 210.7255 15.73230139  3138
STARLINK-1083           
1 44939U 20001AB  20027.25001157  .00037566  00000-0  27092-3 0  9994
2 44939  52.9973 296.5824 0001364  59.4183 301.8413 15.73191001  3197
STARLINK-1091           
1 44940U 20001AC  20026.91667824 -.00007661  00000-0 -50141-4 0  9994
2 44940  52.9980 298.2075 0001393  77.6706 209.0914 15.73226021  3139
STARLINK-1094           
1 44941U 20001AD  20027.25001157  .00047311  00000-0  33947-3 0  9992
2 44941  52.9972 296.5609 0001305  61.4536 309.1430 15.73204599  3197
STARLINK-1096           
1 44942U 20001AE  20026.91667824  .00029088  00000-0  21033-3 0  9998
2 44942  52.9980 298.2111 0008485 295.5976 349.5109 15.73224153  1814
STARLINK-1100           
1 44943U 20001AF  20027.25001157  .00039797  00000-0  28638-3 0  9994
2 44943  52.9973 296.5801 0001262  57.3755 304.8032 15.73215014  3197
STARLINK-1108           
1 44944U 20001AG  20027.25001157  .00035681  00000-0  25752-3 0  9997
2 44944  52.9974 296.5676 0001358  55.0730 313.0257 15.73198737  3196
STARLINK-1109           
1 44945U 20001AH  20026.91667824 -.00007127  00000-0 -46283-4 0  9998
2 44945  52.9982 298.2068 0001196  67.2509 220.3752 15.73253284  3132
STARLINK-1110           
1 44946U 20001AJ  20027.25001157  .00036922  00000-0  26624-3 0  9997
2 44946  52.9973 296.5711 0001348  55.7391 310.6943 15.73203162  3190
STARLINK-1116           
1 44947U 20001AK  20027.25001157  .00035810  00000-0  25835-3 0  9996
2 44947  52.9973 296.5577 0001401  58.3912 313.9818 15.73206354  3192
STARLINK-1118           
1 44948U 20001AL  20026.91667824 -.00007585  00000-0 -49597-4 0  9990
2 44948  52.9981 298.2168 0001266  64.9008 217.5699 15.73228474  3132
STARLINK-1122           
1 44949U 20001AM  20026.91667824 -.00018435  00000-0 -12700-3 0  9992
2 44949  52.9980 298.2318 0001401  67.6645 208.0230 15.73232273  3135
STARLINK-1125           
1 44950U 20001AN  20027.25001157  .00028153  00000-0  20406-3 0  9991
2 44950  52.9970 296.5828 0001403  58.4310 301.9816 15.73226358  3198
STARLINK-1126           
1 44951U 20001AP  20027.25001157  .00047079  00000-0  33783-3 0  9992
2 44951  52.9972 296.5759 0001211  39.7471 324.1056 15.73205091  4488
STARLINK-1117           
1 44952U 20001AQ  20027.25001157  .00154642  00000-0  11168-2 0  9990
2 44952  52.9984 296.5775 0001099  72.1007 302.7413 15.72539725  3199
STARLINK-1124           
1 44953U 20001AR  20027.25001157 -.00037832  00000-0 -13698-3 0  9995
2 44953  52.9976 294.6772 0001097  92.7975 122.9038 15.87556806  4503
STARLINK-1066           
1 44954U 20001AS  20027.25001157  .00044959  00000-0  32293-3 0  9994
2 44954  52.9981 296.5141 0001169  56.0553 337.5408 15.73202685  3137
STARLINK-1069           
1 44955U 20001AT  20027.25001157  .00044670  00000-0  32091-3 0  9991
2 44955  52.9979 296.5188 0001116  47.8525 343.2073 15.73201622  3137
STARLINK-1070           
1 44956U 20001AU  20026.91667824 -.00008367  00000-0 -55178-4 0  9990
2 44956  52.9988 298.1754 0001230  64.8674 238.1175 15.73224770  3130
STARLINK-1074           
1 44957U 20001AV  20026.91667824 -.00035479  00000-0 -24903-3 0  9996
2 44957  52.9984 298.1889 0001279  61.7610 234.3542 15.73231750  3137
STARLINK-1075           
1 44958U 20001AW  20026.91667824  .00031015  00000-0  22429-3 0  9998
2 44958  52.9985 298.1854 0001320  67.1384 230.7007 15.73225515  1817
STARLINK-1076           
1 44959U 20001AX  20026.91667824 -.00036505  00000-0 -25636-3 0  9993
2 44959  52.9982 298.1959 0001407  65.2352 227.4348 15.73234048  3130
STARLINK-1077           
1 44960U 20001AY  20027.25001157  .00038761  00000-0  27919-3 0  9994
2 44960  52.9978 296.5254 0001208  46.7031 340.9474 15.73205693  3195
STARLINK-1080           
1 44961U 20001AZ  20027.25001157  .00043578  00000-0  31311-3 0  9998
2 44961  52.9976 296.5425 0001312  48.9566 331.0656 15.73209155  3197
STARLINK-1081           
1 44962U 20001BA  20027.25001157  .00035446  00000-0  25594-3 0  9990
2 44962  52.9980 296.5146 0001373  54.4502 338.3298 15.73191447  3198
STARLINK-1085           
1 44963U 20001BB  20026.91667824 -.00033800  00000-0 -23688-3 0  9998
2 44963  52.9986 298.1781 0001301  59.9681 241.2899 15.73242475  3879
STARLINK-1086           
1 44964U 20001BC  20027.25001157  .00035287  00000-0  25466-3 0  9993
2 44964  52.9978 296.5218 0001300  57.0072 332.3934 15.73206447  3196
STARLINK-1087           
1 44965U 20001BD  20026.91667824 -.00031819  00000-0 -22277-3 0  9991
2 44965  52.9984 298.1906 0001051  49.7801 245.5052 15.73234505  3874
STARLINK-1088           
1 44966U 20001BE  20026.91667824 -.00031902  00000-0 -22300-3 0  9992
2 44966  52.9983 298.1925 0004991 298.6432 355.7710 15.73248290  3136
STARLINK-1089           
1 44967U 20001BF  20027.25001157  .00037258  00000-0  26856-3 0  9990
2 44967  52.9974 296.5449 0001257  50.9838 327.3642 15.73207483  3195
STARLINK-1090           
1 44968U 20001BG  20027.25001157  .00038247  00000-0  27571-3 0  9995
2 44968  52.9976 296.5441 0001382  53.8862 325.2942 15.73192742  3199
STARLINK-1092           
1 44969U 20001BH  20027.25001157  .00038165  00000-0  27509-3 0  9996
2 44969  52.9976 296.5398 0001360  54.3767 326.5224 15.73196443  3196
STARLINK-1093           
1 44970U 20001BJ  20026.91667824 -.00031528  00000-0 -22062-3 0  9996
2 44970  52.9983 298.1853 0001325  61.4965 235.5182 15.73240427  3138
STARLINK-1095           
1 44971U 20001BK  20026.91667824 -.00008143  00000-0 -53579-4 0  9992
2 44971  52.9984 298.1818 0001245  55.1670 244.4304 15.73226059  1818
STARLINK-1107           
1 44972U 20001BL  20027.25001157  .00041862  00000-0  30077-3 0  9992
2 44972  52.9975 296.5476 0005819 300.7463  76.7368 15.73210669  3190
STARLINK-1115           
1 44973U 20001BM  20026.91667824 -.00011077  00000-0 -74486-4 0  9994
2 44973  52.9982 298.1933 0001436  64.7449 228.7923 15.73229557  3133
FALCON 9 DEB            
1 44974U 20001BN  20027.10502262  .00043864  12175-4  88638-4 0  9992
2 44974  52.9956 294.8445 0005884  19.0494 341.0754 16.00252500  3204
FALCON 9 DEB            
1 44975U 20001BP  20027.03941516  .00049827  12417-4  98855-4 0  9990
2 44975  52.9963 295.1478 0008585  37.4828 322.6798 16.00374245  3191
FALCON 9 DEB            
1 44976U 20001BQ  20027.15299498  .00048155  12389-4  90411-4 0  9990
2 44976  52.9959 294.4278 0004899  54.1416 306.0068 16.01418456  3213
FALCON 9 DEB            
1 44977U 20001BR  20027.02304308  .00064132  13183-4  11374-3 0  9990
2 44977  52.9960 295.0426 0006282  70.6485 289.5223 16.02077754  3193
TJS-5                   
1 44978U 20002A   20027.01495002  .00000038  00000-0  10000-3 0  9993
2 44978   0.9848 283.0356 0001582  23.4965   3.1167  1.00271702   317
CZ-3B R/B               
1 44979U 20002B   20024.15005711  .00084303  97236-6  12472-2 0  9994
2 44979  27.4171 327.4194 7230415 189.8699 138.9187  2.39677667   391
2020-003A               
1 45016U 20003A   20027.10049279  .00000754  00000-0  31154-4 0  9998
2 45016  97.3359  95.7984 0011303 222.6650 196.7248 15.27007263  1828
NUSAT-7 (SOPHIE)        
1 45017U 20003B   20027.29655115  .00001126  00000-0  44788-4 0  9992
2 45017  97.3363  95.9955 0011850 224.3107 204.0206 15.27281788  1853
NUSAT-8 (MARIE)         
1 45018U 20003C   20027.29687931  .00004104  00000-0  15713-3 0  9998
2 45018  97.3363  95.9958 0011604 219.7335 208.6707 15.27051746  1850
2020-003D               
1 45019U 20003D   20027.10275779  .00000751  00000-0  30699-4 0  9997
2 45019  97.3353  95.8067 0012413 228.0532 219.7292 15.27380548  1825
2020-003E               
1 45020U 20003E   20027.17491081  .00001327  00000-0  54625-4 0  9997
2 45020  97.2194  95.6821 0013331  57.5508 355.0606 15.25743335  1843
2020-003F               
1 45021U 20003F   20027.15692193  .00001783  00000-0  69048-4 0  9994
2 45021  97.3697  95.9106 0006047 241.3694 147.8900 15.27482803  1832
2020-003G               
1 45022U 20003G   20027.14855997  .00002299  00000-0  82829-4 0  9992
2 45022  97.2990  95.8361 0018811 253.4826 173.8207 15.29431824  1831
2020-003H               
1 45023U 20003H   20027.16970050  .00002646  00000-0  78418-4 0  9998
2 45023  97.4548  96.1791 0043844 269.1779 149.5829 15.34862925  1802
YINHE-1                 
1 45024U 20004A   20027.19042275  .00000027  00000-0  00000+0 0  9990
2 45024  86.3956  79.8494 0011591 221.1546 138.8824 14.80046566  1626
GSAT-30                 
1 45026U 20005A   20026.93625461 -.00000150  00000-0  00000-0 0  9997
2 45026   0.1071 272.7248 0002918  30.5195 240.4051  1.00270857   133
EUTELSAT KONNECT        
1 45027U 20005B   20024.49271892 -.00000047  00000-0  00000+0 0  9996
2 45027   6.0077 251.8807 7220834 184.1952  82.8321  2.23044057   165
ARIANE 5 DEB [SYLDA]    
1 45028U 20005C   20023.23041747  .00000018  00000-0  00000-0 0  9990
2 45028   6.0134 252.2908 7285557 183.3690 165.1856  2.28130904   148
ARIANE 5 R/B            
1 45029U 20005D   20026.64956410  .00004612  00000-0  48024-3 0  9996
2 45029   5.7048 252.4561 7282879 184.3195 161.0955  2.30087318   228