SCD 1                   
1 22490U 93009B   20045.44499602  .00000211  00000-0  75057-5 0  9990
2 22490  24.9704  76.0519 0043084 158.6509 337.6471 14.44568776426337
TECHSAT 1B (GO-32)      
1 25397U 98043D   20046.10371296 -.00000007  00000-0  16136-4 0  9990
2 25397  98.7164 348.6243 0002299  71.0852 289.0576 14.23679273122228
SCD 2                   
1 25504U 98060A   20045.92604990  .00000221  00000-0  11507-4 0  9992
2 25504  24.9953 282.3698 0017216 183.6424 284.1093 14.44085870125447
LANDSAT 7               
1 25682U 99020A   20046.15636956  .00000024  00000-0  15035-4 0  9990
2 25682  98.0990 112.3725 0001084  96.1468 263.9860 14.57167185108286
DLR-TUBSAT              
1 25757U 99029B   20046.03470062 -.00000030  00000-0  39298-5 0  9999
2 25757  98.4227 333.3076 0013894 200.4234 159.6407 14.51415000 97587
TERRA                   
1 25994U 99068A   20046.18364801  .00000041  00000-0  19089-4 0  9990
2 25994  98.2024 122.1420 0001453  90.0451 270.0918 14.57091312 72368
MAROC-TUBSAT            
1 27004U 01056D   20045.90896215 -.00000032  00000-0  14015-4 0  9997
2 27004  99.4948 180.9574 0019463 337.6563 139.0509 13.70138592909259
AQUA                    
1 27424U 02022A   20045.87241435  .00000082  00000-0  28378-4 0  9992
2 27424  98.2222 348.2645 0002326  41.7037  26.0854 14.57099407945877
IRS-P6 (RESOURCESAT-1)  
1 28051U 03046A   20046.21762156  .00000018  00000-0  21375-4 0  9992
2 28051  98.4962 125.0662 0058732  33.7546 326.7368 14.34164081848727
SHIYAN 1 (SY-1)         
1 28220U 04012A   20045.88031348 -.00000544  00000-0 -38859-4 0  9999
2 28220  97.8350  14.0625 0004956 290.4040  69.6650 14.99978635862075
FORMOSAT-2 (ROCSAT 2)   
1 28254U 04018A   20046.15807480 -.00000278  00000-0 -15865-3 0  9996
2 28254  98.7286  85.3760 0001399  27.4121  40.9120 14.00661236804806
AURA                    
1 28376U 04026A   20045.86505342  .00000101  00000-0  32442-4 0  9993
2 28376  98.2229 350.4188 0001178  73.8410 286.2918 14.57100000828922
IRS-P5 (CARTOSAT-1)     
1 28649U 05017A   20046.15668787 -.00000027  00000-0  30502-5 0  9997
2 28649  97.8276 117.5924 0002715 110.0637 250.0869 14.83678995800235
SINAH 1                 
1 28893U 05043D   20046.10525578  .00000007  00000-0  10597-4 0  9990
2 28893  98.0027 180.3134 0014569 335.1611  24.8888 14.61522893762568
EROS B                  
1 29079U 06014A   20046.12578859  .00001295  00000-0  55572-4 0  9990
2 29079  97.4404 167.9113 0003448  29.1843 143.8939 15.24512189766476
RESURS-DK 1             
1 29228U 06021A   20045.65506231  .00000051  00000-0  11236-4 0  9994
2 29228  69.9362 143.1521 0007731 282.3517  77.6778 15.02509781754155
ARIRANG-2 (KOMPSAT-2)   
1 29268U 06031A   20046.22081477  .00000016  00000-0  12211-4 0  9998
2 29268  98.0052 296.3744 0016950 176.0715 184.0623 14.62257736723207
LAPAN-TUBSAT            
1 29709U 07001A   20046.16630457  .00000019  00000-0  89538-5 0  9997
2 29709  97.8437   8.0804 0013296 148.4711 211.7301 14.82206480708100
CARTOSAT-2 (IRS-P7)     
1 29710U 07001B   20046.19905108  .00000033  00000-0  11507-4 0  9996
2 29710  97.9340 107.4459 0001988  69.7207 290.4227 14.78697318706980
HAIYANG-1B              
1 31113U 07010A   20046.14412839 -.00000030  00000-0  47329-5 0  9995
2 31113  98.4223  92.7183 0013287 212.6851 147.3511 14.30237201670531
COSMO-SKYMED 1          
1 31598U 07023A   20046.20357904 -.00000099  00000-0 -58390-5 0  9990
2 31598  97.8850 231.1442 0001332  89.2477 270.8886 14.82158673686574
TERRASAR-X              
1 31698U 07026A   20043.87689319 -.00000883  00000-0 -38888-4 0  9992
2 31698  97.4453  52.6738 0001763  72.7047 336.2226 15.19142655702233
WORLDVIEW-1 (WV-1)      
1 32060U 07041A   20045.83349920  .00000531  00000-0  24499-4 0  9993
2 32060  97.3849 167.3239 0001657  78.5835 281.5588 15.24461596690341
YAOGAN 3                
1 32289U 07055A   20046.20305698 -.00000004  00000-0  63087-5 0  9990
2 32289  97.9977  61.3605 0001638  75.9145 284.2259 14.80997961662745
COSMO-SKYMED 2          
1 32376U 07059A   20046.23736933  .00000073  00000-0  15705-4 0  9992
2 32376  97.8849 231.1776 0001396  85.1654 274.9704 14.82156489659329
RADARSAT-2              
1 32382U 07061A   20046.11764103  .00000214  00000-0  10000-3 0  9998
2 32382  98.5770  54.4879 0001117  89.5440 348.0762 14.29985269635349
CARTOSAT-2A             
1 32783U 08021A   20046.17950131 -.00000236  00000-0 -25141-4 0  9993
2 32783  97.9401 107.9108 0013908  52.1148 308.1315 14.78662395636921
RAPIDEYE 2              
1 33312U 08040A   20046.16551038 -.00135315  00000-0 -13780-1 0  9995
2 33312  97.7099 113.4364 0015850  30.4785 329.6328 14.91401574619457
RAPIDEYE 5              
1 33313U 08040B   20046.19010110  .00028242  00000-0  28100-2 0  9991
2 33313  97.7148 112.4536 0020394 307.0227  52.7650 14.91443152619401
RAPIDEYE 1              
1 33314U 08040C   20045.84422561  .00085696  00000-0  84885-2 0  9998
2 33314  97.7243 113.1587 0024045  60.2714 300.2518 14.91184016619391
RAPIDEYE 3              
1 33315U 08040D   20046.14629706  .00031186  00000-0  31023-2 0  9994
2 33315  97.7143 112.3289 0019325   3.6373 356.3219 14.91441230619404
RAPIDEYE 4              
1 33316U 08040E   20046.13457367  .00029703  00000-0  29595-2 0  9999
2 33316  97.7217 112.3059 0015112 330.3908  29.5646 14.91444377619392
HUANJING 1A (HJ-1A)     
1 33320U 08041A   20046.11041953 -.00000276  00000-0 -31797-4 0  9998
2 33320  97.8064 102.2284 0026336 114.2723 246.1250 14.77060938616396
HUANJING 1B (HJ-1B)     
1 33321U 08041B   20046.11911889  .00000105  00000-0  21824-4 0  9992
2 33321  97.8143 104.3852 0035833 136.5088 223.8980 14.77198996616390
GEOEYE 1                
1 33331U 08042A   20046.19181897 -.00000023  00000-0  46750-5 0  9996
2 33331  98.1151 122.2473 0010259  84.5133 275.7255 14.64299401611496
THEOS                   
1 33396U 08049A   20046.09123051  .00000091  00000-0  63261-4 0  9990
2 33396  98.7519 114.6280 0001013 118.1843 353.8098 14.20013813589559
COSMO-SKYMED 3          
1 33412U 08054A   20046.22049615  .00000327  00000-0  47629-4 0  9995
2 33412  97.8852 231.1613 0001299  93.1675 266.9679 14.82150125611780
YAOGAN 4                
1 33446U 08061A   20046.04749757  .00000075  00000-0  17538-4 0  9990
2 33446  97.7105   6.9345 0016775  25.3595 334.8435 14.77006682603610
GOSAT (IBUKI)           
1 33492U 09002A   20045.84489368  .00000088  00000-0  23888-4 0  9992
2 33492  98.0497 158.8658 0001617  99.2736 260.8652 14.67557105592020
YAOGAN 6                
1 34839U 09021A   20046.12279536  .00000364  00000-0  16215-4 0  9998
2 34839  97.0423  61.4958 0029734 100.0878 260.3718 15.26798173600996
DEIMOS-1                
1 35681U 09041A   20046.23770499 -.00000041  00000-0  97463-6 0  9991
2 35681  97.8292 284.5137 0002937  86.9085 273.2460 14.71820122566266
DUBAISAT-1              
1 35682U 09041B   20046.10577661 -.00000163  00000-0 -20162-4 0  9990
2 35682  97.7259 231.4271 0010530 284.7419  75.2622 14.68774151565014
OCEANSAT-2              
1 35931U 09051A   20046.13544846 -.00000052  00000-0 -20934-5 0  9995
2 35931  98.2968 142.9964 0002806  79.4701 280.6810 14.50834754550538
WORLDVIEW-2 (WV-2)      
1 35946U 09055A   20046.22364409 -.00000055  00000-0 -39163-5 0  9997
2 35946  98.4103 122.1126 0001884  41.9126 318.2219 14.37661763543319
SMOS                    
1 36036U 09059A   20045.61691724  .00000029  00000-0  23233-4 0  9996
2 36036  98.4422 234.4149 0001160  83.7738 276.3582 14.39744809540540
YAOGAN 7                
1 36110U 09069A   20046.10040929  .00000047  00000-0  15025-4 0  9990
2 36110  98.2674 239.2031 0021983 243.9473 115.9472 14.75096654548311
TANDEM-X                
1 36605U 10030A   20045.86583659 -.00004225  00000-0 -19813-3 0  9995
2 36605  97.4469  54.6372 0001737  96.9570  22.4919 15.19148054535279
CARTOSAT-2B             
1 36795U 10035A   20046.14800811  .00000057  00000-0  14776-4 0  9995
2 36795  97.9381 107.4439 0015355 119.0273 241.2483 14.78667732517962
YAOGAN 10               
1 36834U 10038A   20046.11375518  .00000035  00000-0  11282-4 0  9995
2 36834  97.9747  49.9753 0001605  74.5447 285.5944 14.80955886514471
COSMO-SKYMED 4          
1 37216U 10060A   20046.18252983  .00000022  00000-0  93676-5 0  9996
2 37216  97.8849 231.1222 0001479  74.5765 285.5608 14.82153841501865
RESOURCESAT-2           
1 37387U 11015A   20046.18804899  .00000014  00000-0  26424-4 0  9992
2 37387  98.6920 122.9962 0004575  33.0366 327.1100 14.21638637457929
HAIYANG 2A              
1 37781U 11043A   20046.16774241 -.00000046  00000-0 -23551-5 0  9992
2 37781  99.3191  55.9432 0000567  36.3582 323.7608 13.78718518428050
RASAT                   
1 37791U 11044D   20046.13909301  .00000018  00000-0  12407-4 0  9992
2 37791  98.1123 140.7565 0020790 300.6708  59.2452 14.64753362454194
MEGHA-TROPIQUES         
1 37838U 11058A   20045.48626523  .00000270  00000-0  36779-5 0  9997
2 37838  19.9791  39.8674 0009189 282.2855  77.6521 14.09682076363220
SRMSAT                  
1 37841U 11058D   20045.92040728  .00000304  00000-0  21958-4 0  9997
2 37841  19.9734  13.6858 0011680 327.5121  66.0248 14.10649328430704
YAOGAN 13               
1 37941U 11072A   20046.08671653  .00000458  00000-0  25716-4 0  9995
2 37941  97.5473 341.9046 0003209 102.9157  24.0802 15.18228465455256
PLEIADES 1A             
1 38012U 11076F   20046.18212759 -.00000027  00000-0  39973-5 0  9992
2 38012  98.1750 122.3587 0001628  92.1315 268.0081 14.58562635434698
ZIYUAN 1-02C (ZY 1-02C) 
1 38038U 11079A   20046.08920266  .00000060  00000-0  36823-4 0  9997
2 38038  98.7094  97.9063 0005928 274.2647  85.7866 14.35277601427077
ZIYUAN 3 (ZY 3)         
1 38046U 12001A   20046.20668825  .00000353  00000-0  18842-4 0  9992
2 38046  97.4306 122.1621 0002009 261.4330 155.4945 15.21347261449885
ARIRANG-3 (KOMPSAT-3)   
1 38338U 12025B   20046.07885764  .00000027  00000-0  14830-4 0  9991
2 38338  98.1858 346.1525 0009952 159.0661 201.0955 14.61795556413307
KANOPUS-V 1             
1 38707U 12039A   20046.06532576  .00000096  00000-0  77657-5 0  9998
2 38707  97.4608 326.5159 0001584  79.6695  45.7538 15.19113508419776
EXACTVIEW-1 (ADS-1B)    
1 38709U 12039C   20046.08799492 -.00000008  00000-0  17203-4 0  9998
2 38709  99.1236  74.7716 0010961 353.2433   6.8597 14.24010983393294
SPOT 6                  
1 38755U 12047A   20046.19878386 -.00000018  00000-0  58372-5 0  9994
2 38755  98.1827 115.0349 0001625  88.9460 271.1936 14.58554949395771
PLEIADES 1B             
1 39019U 12068A   20046.14782283 -.00000023  00000-0  47379-5 0  9997
2 39019  98.1739 122.2743 0001369  84.0533 276.0835 14.58560478383546
GOKTURK 2               
1 39030U 12073A   20046.20002819  .00000038  00000-0  13631-4 0  9991
2 39030  97.9668 296.4046 0001606 128.5266 231.6086 14.72736997383764
LANDSAT 8               
1 39084U 13008A   20046.06823367  .00000004  00000-0  10818-4 0  9999
2 39084  98.1977 117.6514 0001223  88.0107 272.1236 14.57115290372734
SARAL                   
1 39086U 13009A   20045.92442177 -.00000011  00000-0  12114-4 0  9992
2 39086  98.5405 233.3801 0000295 135.8564 224.2643 14.32020029364321
GAOFEN 1                
1 39150U 13018A   20046.12274776 -.00000449  00000-0 -56966-4 0  9994
2 39150  97.8797 126.0173 0019651 152.8953 207.3339 14.76535714366816
VNREDSAT 1              
1 39160U 13021B   20046.06272292  .00000059  00000-0  20718-4 0  9994
2 39160  98.1598 124.1093 0001183  79.4594 280.6746 14.62913817361849
ARIRANG-5 (KOMPSAT-5)   
1 39227U 13042A   20046.09087894  .00000067  00000-0  90994-5 0  9999
2 39227  97.6168 231.9063 0001783  65.9635  46.7641 15.04512869355977
YAOGAN 18               
1 39363U 13059A   20046.09213993  .00000301  00000-0  17778-4 0  9998
2 39363  97.2665  99.4160 0002558  63.8990 351.3788 15.18384027348925
SKYSAT-1                
1 39418U 13066C   20045.78032478  .00000723  00000-0  64480-4 0  9999
2 39418  97.6346 127.9489 0019041 253.9095 106.0032 14.98927300340754
DUBAISAT-2              
1 39419U 13066D   20046.15892598 -.00000417  00000-0 -33890-4 0  9992
2 39419  97.5609 104.9857 0012241 258.4974 101.4870 14.94076707339761
GPM-CORE                
1 39574U 14009C   20046.16621321  .00001300  00000-0  23355-4 0  9992
2 39574  65.0036 210.9102 0010842 282.3175  77.6757 15.55405559338881
SENTINEL-1A             
1 39634U 14016A   20046.08175239 -.00000030  00000-0  33905-5 0  9993
2 39634  98.1813  54.8167 0001291  80.6749 279.4599 14.59199477312574
KAZEOSAT 1              
1 39731U 14024A   20046.22458695 -.00000001  00000-0  12599-4 0  9999
2 39731  98.3310 122.3357 0001325  74.7483 285.3858 14.42049012305123
ALOS-2                  
1 39766U 14029A   20046.08120866  .00000089  00000-0  18749-4 0  9990
2 39766  97.9199 144.4570 0001467  89.9262 270.2112 14.79471148309458
KAZEOSAT 2              
1 40010U 14033A   20046.13680376  .00000079  00000-0  16553-4 0  9992
2 40010  97.8198 304.9810 0016207 351.4312   8.6636 14.82097094306056
HODOYOSHI-4             
1 40011U 14033B   20046.10947828  .00000109  00000-0  20594-4 0  9992
2 40011  97.7919 297.8481 0026791 347.3863  12.6692 14.81166034305769
DEIMOS-2                
1 40013U 14033D   20046.09311281  .00000086  00000-0  16392-4 0  9995
2 40013  97.8276 310.9261 0002339  58.9635 301.1813 14.84619165306566
HODOYOSHI-3             
1 40015U 14033F   20046.15936450  .00000054  00000-0  14318-4 0  9996
2 40015  97.7563 286.2099 0037140   2.6753 357.4651 14.78576792305244
SPOT 7                  
1 40053U 14034A   20046.16441403 -.00000033  00000-0  27534-5 0  9992
2 40053  98.1983 115.0170 0001108  93.0314 267.1016 14.58545806299703
SKYSAT-2                
1 40072U 14037D   20046.08782411  .00000082  00000-0  18019-4 0  9994
2 40072  98.4499 217.6132 0006800 160.3901 199.7572 14.81252076302982
WORLDVIEW-3 (WV-3)      
1 40115U 14048A   20046.06046063  .00000049  00000-0  11857-4 0  9994
2 40115  97.7903 124.7913 0002040  56.2503 303.8917 14.85098062298487
GAOFEN 2                
1 40118U 14049A   20046.05768475  .00000070  00000-0  15779-4 0  9996
2 40118  97.8509 126.0627 0006904 202.5146 157.5767 14.80645028296819
YAOGAN 21               
1 40143U 14053A   20046.18253708  .00000486  00000-0  23272-4 0  9999
2 40143  97.4553 113.8637 0016264 347.8167  68.3839 15.23561524302636
YAOGAN 22               
1 40275U 14063A   20046.05683794 -.00000045  00000-0  00000+0 0  9995
2 40275 100.4842 161.0778 0006390  28.2609 331.8848 13.15419939255545
ASNARO                  
1 40298U 14070A   20046.08677265  .00000757  00000-0  38738-4 0  9990
2 40298  97.4261 130.3399 0001841  75.4923  42.0908 15.19615988292601
HODOYOSHI-1             
1 40299U 14070B   20046.14396594  .00000412  00000-0  19961-4 0  9996
2 40299  97.3330 125.6965 0011319 269.9554 149.1888 15.23869606293032
QSAT-EOS                
1 40301U 14070D   20046.10420289  .00001189  00000-0  47927-4 0  9990
2 40301  97.3049 123.3257 0023641 265.2731 156.9825 15.26569773293110
YAOGAN 23               
1 40305U 14071A   20046.09535880  .00000561  00000-0  30914-4 0  9998
2 40305  97.5151 346.3846 0001490 119.8417  75.2521 15.18018941291014
YAOGAN 24               
1 40310U 14072A   20045.83287904  .00000547  00000-0  86021-4 0  9991
2 40310  97.8821 170.7480 0018013 161.2395 198.9315 14.76274364282295
CBERS 4                 
1 40336U 14079A   20046.14707894 -.00000006  00000-0  13343-4 0  9994
2 40336  98.5769 118.6731 0001853  94.1887 265.9525 14.35404159271991
RESURS P2               
1 40360U 14087A   20046.10883854  .00000468  00000-0  16841-4 0  9994
2 40360  97.2493 137.3139 0007433 267.7603 136.2592 15.33395278287410
YAOGAN 26               
1 40362U 14088A   20046.07935414  .00000637  00000-0  29414-4 0  9991
2 40362  97.2623 118.1189 0008378 200.9674 212.6539 15.23621540286080
SMAP                    
1 40376U 15003A   20046.24264211  .00000018  00000-0  12511-4 0  9996
2 40376  98.1238  54.5821 0001765  56.0354 304.1022 14.63370590269209
KOMPSAT-3A              
1 40536U 15014A   20046.07669274  .00000308  00000-0  21656-4 0  9997
2 40536  97.5772 347.0759 0008385 198.3985 216.4398 15.12121093270073
SENTINEL-2A             
1 40697U 15028A   20046.11653025 -.00000223  00000-0 -68410-4 0  9999
2 40697  98.5708 122.0939 0001150  87.4670 272.6666 14.30812669242823
GAOFEN 8                
1 40701U 15030A   20046.19212102  .00000754  00000-0  34527-4 0  9992
2 40701  97.4564 169.3407 0009024 215.5755 262.6220 15.23541641258472
CARBONITE 1 (CBNT-1)    
1 40718U 15032D   20046.18134294  .00000104  00000-0  22903-4 0  9990
2 40718  97.8562 290.9167 0015377 248.4706 111.4867 14.74773941247645
YAOGAN 27               
1 40878U 15040A   20046.06559525 -.00000043  00000-0  11993-5 0  9992
2 40878 100.2541  98.3276 0009012 144.0817 216.0911 13.15964274214788
GAOFEN 9                
1 40894U 15047A   20046.07596500  .00000050  00000-0  14505-4 0  9990
2 40894  97.8989 128.1769 0034862  86.3141 274.2067 14.76286334238271
LAPAN-A2                
1 40931U 15052B   20045.67947411  .00000463  00000-0 -24773-4 0  9991
2 40931   5.9958 138.0520 0013520 325.3392  34.5252 14.76624873236934
YAOGAN 28               
1 41026U 15064A   20046.05884063  .00000559  00000-0  26363-4 0  9998
2 41026  97.4349 178.7969 0002497 124.3551 289.8648 15.23517211238300
YAOGAN 29               
1 41038U 15069A   20045.88715510 -.00000006  00000-0  60913-5 0  9994
2 41038  98.0001  34.1342 0000985  41.7687 318.3601 14.80435483227999
KENT RIDGE 1            
1 41167U 15077B   20045.93810028  .00000783  00000-0  76967-5 0  9999
2 41167  14.9816 303.2097 0011281 102.5382 350.7267 15.09114664230099
TELEOS 1                
1 41169U 15077D   20046.09209491  .00001240  00000-0  33942-4 0  9999
2 41169  14.9832 288.5874 0010288 125.9279  98.5345 15.10441190230236
GAOFEN 4                
1 41194U 15083A   20045.89451813 -.00000349  00000-0  00000+0 0  9992
2 41194   0.1048 280.5287 0003988 287.9150   3.6895  1.00275673 15284
JASON-3                 
1 41240U 16002A   20046.14878558 -.00000050  00000-0  48466-4 0  9996
2 41240  66.0386 261.2590 0007615 272.8800  87.1344 12.80930837190764
SENTINEL-3A             
1 41335U 16011A   20046.14098578 -.00000022  00000-0  91364-5 0  9992
2 41335  98.6237 114.6458 0001173 113.4440 246.6864 14.26737685208095
SENTINEL-1B             
1 41456U 16025A   20046.25269769 -.00000037  00000-0  18380-5 0  9998
2 41456  98.1815  54.8115 0001289  77.0394 283.0947 14.59199397202765
ZIYUAN 3-2 (ZY 3-2)     
1 41556U 16033A   20046.11506698  .00000489  00000-0  24895-4 0  9995
2 41556  97.3752 123.8404 0005072  87.7122 333.1376 15.21277129206167
NUSAT-1 (FRESCO)        
1 41557U 16033B   20046.18833117  .00000897  00000-0  35785-4 0  9995
2 41557  97.4068 137.2402 0014268 158.1003 202.0849 15.27730231206954
NUSAT-2 (BATATA)        
1 41558U 16033C   20046.18140609  .00001040  00000-0  38750-4 0  9999
2 41558  97.4109 139.0889 0013334 156.2494 203.9365 15.29680051207046
CARTOSAT-2C             
1 41599U 16040A   20046.13547221  .00000323  00000-0  18575-4 0  9994
2 41599  97.4669 107.1919 0012309 282.8814 128.7670 15.19220858202373
SKYSAT-C1               
1 41601U 16040C   20046.18456226  .00000439  00000-0  21166-4 0  9995
2 41601  97.3724 126.1004 0001808  70.5639 345.7188 15.23718240202831
LAPAN-A3                
1 41603U 16040E   20046.14827330  .00000055  00000-0  57058-5 0  9995
2 41603  97.3278 103.4310 0011688 276.1765 138.9181 15.19795961202415
BIROS                   
1 41604U 16040F   20046.17514721  .00000264  00000-0  14607-4 0  9990
2 41604  97.3328 106.8978 0010722 256.1609 103.8434 15.21915286202624
GAOFEN 3                
1 41727U 16049A   20046.11834949 -.00000020  00000-0  72405-5 0  9998
2 41727  98.4134  55.4438 0001364  52.9115 307.2198 14.42215316185090
SKYSAT-C4               
1 41771U 16058B   20045.86861197  .00000317  00000-0  16119-4 0  9990
2 41771  97.3741 118.3159 0001623  80.8212 279.3209 15.23617269189725
SKYSAT-C5               
1 41772U 16058C   20046.15777758  .00000409  00000-0  19926-4 0  9994
2 41772  97.3724 118.1070 0001530  74.2648 344.5713 15.23705665189761
SKYSAT-C2               
1 41773U 16058D   20045.78101863  .00000305  00000-0  15624-4 0  9997
2 41773  97.3764 118.4495 0001633  99.1858 260.9564 15.23624928189715
SKYSAT-C3               
1 41774U 16058E   20045.85832888  .00000331  00000-0  16684-4 0  9990
2 41774  97.3774 118.5667 0001899  71.3567 288.7876 15.23719467189720
ALSAT 1B                
1 41785U 16059C   20046.06007265  .00000005  00000-0  10109-4 0  9994
2 41785  98.0323 105.3128 0030994 344.5025  15.5230 14.63351870180856
PATHFINDER 1            
1 41787U 16059E   20046.13708346  .00000042  00000-0  17094-4 0  9993
2 41787  98.0368 106.2939 0030193 342.4072  17.6100 14.63712189180906
SCATSAT 1               
1 41790U 16059H   20046.09142850  .00000024  00000-0  16899-4 0  9996
2 41790  98.1788  89.9409 0004951 314.0590  46.0205 14.50900884179333
WORLDVIEW-4 (WV-4)      
1 41848U 16067A   20045.52857289  .00003959  00000-0  10000-3 0  9992
2 41848  97.8454 144.5919 0011941 184.6329 175.4127 15.40427189177751
GOKTURK 1A              
1 41875U 16073A   20046.20874385  .00000040  00000-0  17012-4 0  9990
2 41875  98.1115 301.8932 0001427  72.7596 287.3764 14.62808852170546
RESOURCESAT-2A          
1 41877U 16074A   20046.20785623  .00000016  00000-0  26917-4 0  9996
2 41877  98.6073 118.5265 0001497  73.1534 286.9813 14.21676776165538
CARTOSAT-2D             
1 41948U 17008A   20045.89271433  .00000160  00000-0  10741-4 0  9994
2 41948  97.3629 105.7574 0009196  67.0026 293.2176 15.19286431166204
SENTINEL-2B             
1 42063U 17013A   20046.22144573  .00000019  00000-0  23751-4 0  9999
2 42063  98.5736 122.2030 0001095  95.4684 264.6629 14.30815029153755
ZHUHAI-1 02 (CAS 4B)    
1 42759U 17034B   20046.24476329  .00000107  00000-0  20061-4 0  9992
2 42759  43.0204 343.9603 0012315 330.3589 179.6125 15.09741981147348
NUSAT-3 (MILANESAT)     
1 42760U 17034C   20046.25134534  .00000080  00000-0  18193-4 0  9997
2 42760  43.0190 343.0473 0010606 346.0939 166.2652 15.10208315147364
ZHUHAI-1 01 (CAS 4A)    
1 42761U 17034D   20046.19390948  .00000052  00000-0  16683-4 0  9995
2 42761  43.0203 343.6191 0012793 331.1266 170.3887 15.09819431147338
CARTOSAT-2E             
1 42767U 17036C   20046.17490438  .00000341  00000-0  19388-4 0  9992
2 42767  97.4407 106.8895 0010368 103.2758 256.9634 15.19249935146813
FORMOSAT-5              
1 42920U 17049A   20046.20033552 -.00000025  00000-0  49050-5 0  9991
2 42920  98.3099 126.7836 0010555 355.3609   4.7497 14.50868907131146
SENTINEL-5P             
1 42969U 17064A   20045.83385409 -.00000019  00000-0  11727-4 0  9992
2 42969  98.7246 346.7113 0001084  82.2478 277.8821 14.19549242121210
SKYSAT-C11              
1 42987U 17068A   20045.85902005  .00000706  00000-0  25217-4 0  9996
2 42987  97.3269 161.8934 0010387  92.2240 268.0191 15.32115748127091
SKYSAT-C10              
1 42988U 17068B   20045.90400676  .00000509  00000-0  16446-4 0  9995
2 42988  97.2705 161.7694 0002646  88.0339 272.1208 15.36591223127117
SKYSAT-C9               
1 42989U 17068C   20045.82658825  .00001053  00000-0  30358-4 0  9991
2 42989  97.2186 161.3823 0003282  62.2239 297.9339 15.37924380127295
SKYSAT-C8               
1 42990U 17068D   20045.88294174  .00000777  00000-0  23179-4 0  9997
2 42990  97.2060 162.1268 0015921 200.3265 160.4053 15.37567358127135
SKYSAT-C7               
1 42991U 17068E   20045.80803764  .00000345  00000-0  11736-4 0  9998
2 42991  97.2517 162.0643 0003967  46.2081 313.9491 15.36912960127121
SKYSAT-C6               
1 42992U 17068F   20045.86260856  .00001066  00000-0  30774-4 0  9998
2 42992  97.2238 162.2978 0003595  58.3607 301.7989 15.37861983127148
CARTOSAT-2F             
1 43111U 18004A   20046.15551052  .00000317  00000-0  18213-4 0  9999
2 43111  97.4031 108.4398 0005739 116.7074 295.8149 15.19266645115997
MICROSAT-TD             
1 43128U 18004T   20046.15181438  .00014225  00000-0  96460-4 0  9997
2 43128  96.7730 101.2768 0006230 276.4458  83.6099 15.75052815119942
NUSAT-4 (ADA)           
1 43195U 18015D   20046.20350875  .00001051  00000-0  45849-4 0  9990
2 43195  97.4216 175.9242 0017796 165.9995 314.2833 15.24248125113112
NUSAT-5 (MARYAM)        
1 43204U 18015K   20046.14390425  .00001004  00000-0  43685-4 0  9993
2 43204  97.4222 176.0295 0017201 168.6592 316.5849 15.24452582112715
GAOFEN 1-02             
1 43259U 18031A   20046.10820939  .00000039  00000-0  12872-4 0  9996
2 43259  97.9757 126.0971 0003507 213.8020 146.2969 14.76443081101227
GAOFEN 1-03             
1 43260U 18031B   20046.15338222  .00000072  00000-0  17658-4 0  9996
2 43260  97.9754 126.1571 0004214 316.7236  43.3653 14.76445142101228
GAOFEN 1-04             
1 43262U 18031D   20046.13071321 -.00000535  00000-0 -69647-4 0  9991
2 43262  97.9763 126.0933 0002645 220.2884 139.8185 14.76431716101217
SENTINEL-3B             
1 43437U 18039A   20046.18363512 -.00000021  00000-0  94285-5 0  9990
2 43437  98.6309 114.6123 0001152 122.4058 237.7234 14.26734135 94161
GAOFEN 5                
1 43461U 18043A   20046.07131169 -.00000014  00000-0  68601-5 0  9996
2 43461  98.1874 345.0852 0003153  67.8637 292.2901 14.57755286 94326
GAOFEN 6                
1 43484U 18048A   20046.16010214  .00000076  00000-0  18308-4 0  9998
2 43484  97.9971 127.2887 0010971  74.8967 285.3465 14.76476412 91927
GAOFEN 11               
1 43585U 18063A   20046.08445928  .00000471  00000-0  22617-4 0  9999
2 43585  97.3939 127.6139 0015646 293.0822 184.9367 15.23577553 86458
AEOLUS                  
1 43600U 18066A   20046.07050868  .00020225  00000-0  80395-4 0  9990
2 43600  96.7226  54.3031 0006452  92.0963 268.1049 15.86673820 85806
ICESAT-2                
1 43613U 18070A   20045.93394590  .00000359  00000-0  12813-4 0  9992
2 43613  92.0033  28.0994 0003387  89.3193 270.8444 15.28268914 79025
HYSIS                   
1 43719U 18096A   20046.19117161  .00000089  00000-0  19187-4 0  9994
2 43719  97.9192 115.4868 0009060 267.1385  92.8791 14.78712344 65450
KAZSTSAT                
1 43783U 18099AB  20046.18358927 -.00000267  00000-0 -19925-4 0  9994
2 43783  97.7323 119.6057 0007402 226.8757 133.1844 14.93589238 65431
SAUDISAT 5A             
1 43831U 18102A   20046.09262829  .00000381  00000-0  28847-4 0  9996
2 43831  97.5826 123.8561 0013541 214.1954 261.0694 15.07997270 65549
SAUDISAT 5B             
1 43833U 18102C   20046.22172448  .00000526  00000-0  37836-4 0  9999
2 43833  97.5821 124.2655 0014343 223.1642 197.1254 15.08436240 65570
GAOFEN 10R              
1 44622U 19066A   20046.09320829  .00000092  00000-0  18660-4 0  9991
2 44622  97.8047 352.6887 0001086  96.6149 263.5192 14.80527986 19721
CARTOSAT-3              
1 44804U 19081A   20046.13447788  .00000258  00000-0  15718-4 0  9994
2 44804  97.5139 107.7582 0014328 324.4689  87.0891 15.18753736 12080
GAOFEN 12               
1 44819U 19082A   20046.05090877  .00000015  00000-0  88124-5 0  9998
2 44819  97.9232  69.7421 0001883  67.9374 292.2037 14.80196307 11696
NUSAT-7 (SOPHIE)        
1 45017U 20003B   20045.97925060 -.00000389  00000-0 -11773-4 0  9996
2 45017  97.3313 114.3614 0013733 158.6197 326.6626 15.27365020  4702
NUSAT-8 (MARIE)         
1 45018U 20003C   20045.98265108  .00000657  00000-0  27434-4 0  9995
2 45018  97.3338 114.3588 0012768 154.8767 330.9243 15.27077407  4700
