SARSAT 7 (NOAA 15)      
1 25338U 98030A   20027.13347514  .00000016  00000-0  25349-4 0  9994
2 25338  98.7308  52.8071 0009710 320.9581  39.0896 14.25948866128948
METEOSAT-8 (MSG-1)      
1 27509U 02040B   20026.81391939  .00000132  00000-0  00000+0 0  9997
2 27509   6.4768  54.6977 0001253 228.1913 176.9817  1.00269592 63856
GPS BIIR-08             
1 27663U 03005A   20023.51190344 -.00000058  00000-0  00000-0 0  9990
2 27663  56.1603 307.7074 0111806  32.9900 148.8198  2.00560476124449
GPS BIIR-11             
1 28190U 04009A   20026.33017623 -.00000090  00000-0  00000-0 0  9998
2 28190  56.2836   8.3743 0089160  88.8835 120.2050  2.00564684116172
GPS BIIR-12             
1 28361U 04023A   20026.59309281  .00000018  00000-0  00000+0 0  9994
2 28361  54.0574 181.2289 0135696 234.2821  75.0655  2.00562579114257
GPS BIIR-13             
1 28474U 04045A   20026.31734196 -.00000060  00000-0  00000-0 0  9999
2 28474  54.8742  58.6891 0199565 264.3976 212.1246  2.00569747111625
SARSAT 10 (NOAA 18)     
1 28654U 05018A   20026.78339252  .00000083  00000-0  69979-4 0  9993
2 28654  99.0660  81.7376 0013347 272.6706  87.2937 14.12484177756864
GPS BIIR-14M            
1 28874U 05038A   20026.26833515 -.00000091  00000-0  00000-0 0  9999
2 28874  56.3940   5.7512 0136608 264.9406 279.9592  2.00568155105026
METEOSAT-9 (MSG-2)      
1 28912U 05049B   20026.34641140  .00000012  00000-0  00000+0 0  9995
2 28912   4.1237  70.6750 0000960  11.8825 170.7325  1.00277938 51677
GOES 13                 
1 29155U 06018A   20026.21230122 -.00000126  00000-0  00000+0 0  9999
2 29155   0.3407  93.5301 0008552 176.5157  16.5758  0.99974237 50109
SARSAT 11 (METOP-A)     
1 29499U 06044A   20027.18378517  .00000003  00000-0  20800-4 0  9995
2 29499  98.5448  78.6966 0000725  69.1519   4.8390 14.21494412688671
GPS BIIR-16M            
1 29601U 06052A   20026.06626956 -.00000048  00000-0  00000+0 0  9993
2 29601  56.1428 306.5251 0076769  62.2872 298.5272  2.00553974 96645
GPS BIIR-17M            
1 32260U 07047A   20025.87647462  .00000007  00000-0  00000-0 0  9991
2 32260  53.1810 176.7391 0119855  48.6451 312.3303  2.00568354 90034
GPS BIIR-18M            
1 32384U 07062A   20026.26845562 -.00000091  00000-0  00000-0 0  9994
2 32384  56.4855   6.4128 0008324 117.2828 295.1008  2.00568657 88743
SARSAT 12 (NOAA 19)     
1 33591U 09005A   20027.13192508  .00000018  00000-0  34858-4 0  9996
2 33591  99.1934  28.7882 0014835 113.4103 246.8630 14.12393260565306
GOES 14                 
1 35491U 09033A   20027.17609663 -.00000099  00000-0  00000+0 0  9994
2 35491   0.0450 266.0145 0010942 327.6198 211.4700  1.00272038 38761
GOES 15                 
1 36411U 10008A   20026.75096527  .00000049  00000-0  00000+0 0  9997
2 36411   0.0694 260.1026 0001229 237.0577 130.3168  1.00277549 36262
GLONASS-K 1             
1 37372U 11009A   20027.10075354 -.00000049  00000-0  00000+0 0  9992
2 37372  65.8197  32.5271 0010526 236.8400 343.9629  2.13107443 69373
GPS BIIF-2              
1 37753U 11036A   20026.98158168 -.00000055  00000-0  00000+0 0  9992
2 37753  56.0750  62.8895 0091469  42.1570 316.8795  2.00568268 62471
GSAT0101 (GALILEO-PFM)  
1 37846U 11060A   20024.65249830 -.00000063  00000-0  00000-0 0  9991
2 37846  56.5336  45.2670 0004250 311.6501  48.3667  1.70475585 51439
GSAT0102 (GALILEO-FM2)  
1 37847U 11060B   20025.17053306 -.00000063  00000-0  00000-0 0  9991
2 37847  56.5355  45.2520 0006070 299.7658  64.2264  1.70475624 51328
LUCH 5A                 
1 37951U 11074B   20026.61368968 -.00000055  00000-0  00000-0 0  9996
2 37951   2.9475 119.7130 0002133 211.4473 181.9482  1.00270527 29791
METEOSAT-10 (MSG-3)     
1 38552U 12035B   20026.33452037  .00000057  00000-0  00000-0 0  9993
2 38552   1.0140 357.9765 0000399 256.4801   0.5869  1.00269552 27489
SARSAT 13 (METOP-B)     
1 38771U 12049A   20027.16264973 -.00000001  00000-0  19761-4 0  9991
2 38771  98.7133  88.4988 0001961  79.0957 339.4545 14.21484434381806
GPS BIIF-3              
1 38833U 12053A   20025.97779352  .00000038  00000-0  00000+0 0  9994
2 38833  53.6939 239.2409 0093329  36.2490 324.4374  2.00564308 53510
GSAT0103 (GALILEO-FM3)  
1 38857U 12055A   20025.86770665  .00000008  00000-0  00000+0 0  9995
2 38857  54.9593 165.7343 0001796 244.4786 115.4391  1.70473759 45360
GSAT0104 (GALILEO-FM4)  
1 38858U 12055B   20026.38860763  .00000011  00000-0  00000-0 0  9998
2 38858  54.9600 165.7193 0000585 235.9860 123.9466  1.70473706 45376
GPS BIIF-4              
1 39166U 13023A   20025.33519405 -.00000095  00000-0  00000+0 0  9997
2 39166  56.0645   2.4861 0076319  27.0573 333.3310  2.00565854 49042
INSAT-3D                
1 39216U 13038B   20027.09841088 -.00000161  00000-0  00000+0 0  9993
2 39216   0.0138 302.2021 0000753  18.0666 283.1139  1.00269262 23906
GPS BIIF-5              
1 39533U 14008A   20025.83784102  .00000037  00000-0  00000-0 0  9998
2 39533  53.8151 244.6670 0042545 194.8567 165.0826  2.00560388 42889
LUCH 5V                 
1 39727U 14023A   20026.86725090 -.00000273  00000-0  00000+0 0  9997
2 39727   0.7697 315.0069 0002703  41.5362 175.9959  1.00270368539128
GPS BIIF-6              
1 39741U 14026A   20026.11470306 -.00000054  00000-0  00000-0 0  9999
2 39741  56.0511  62.4506 0020586 290.8063  69.0401  2.00556279 41726
GPS BIIF-7              
1 40105U 14045A   20026.19766618  .00000016  00000-0  00000-0 0  9995
2 40105  54.5840 181.6705 0015560 102.3494 257.7818  2.00548548 39293
GSAT0201 (GALILEO 5)    
1 40128U 14050A   20026.02517399 -.00000113  00000-0  00000+0 0  9996
2 40128  50.5817   7.0940 1662706  94.6939 284.4388  1.85519525 36952
GSAT0202 (GALILEO 6)    
1 40129U 14050B   20026.28946912 -.00000112  00000-0  00000-0 0  9992
2 40129  50.6213   6.1149 1661136  95.5354 283.5872  1.85520102 37189
GPS BIIF-8              
1 40294U 14068A   20024.58161634 -.00000042  00000-0  00000-0 0  9997
2 40294  55.2733 122.6439 0024583  39.2171 320.9638  2.00568799 38365
GLONASS-K 2             
1 40315U 14075A   20026.54775822  .00000022  00000-0  00000-0 0  9994
2 40315  63.9463 271.8338 0015288 208.6626  46.2114  2.13098493 40126
GPS BIIF-9              
1 40534U 15013A   20024.71918728 -.00000043  00000-0  00000-0 0  9995
2 40534  54.3383 300.8270 0045374   7.3378 352.7714  2.00556171 34985
GSAT0203 (GALILEO 7)    
1 40544U 15017A   20026.19248609 -.00000063  00000-0  00000-0 0  9990
2 40544  56.3281  45.3784 0005666 261.8163  98.1685  1.70475142 29419
GSAT0204 (GALILEO 8)    
1 40545U 15017B   20025.97408438 -.00000063  00000-0  00000+0 0  9993
2 40545  56.3340  45.3997 0003419 246.7369 113.2769  1.70475457 30071
GPS BIIF-10             
1 40730U 15033A   20025.87245608 -.00000094  00000-0  00000-0 0  9999
2 40730  55.5841   1.7030 0051417 346.2443  13.6085  2.00570598 33194
METEOSAT-11 (MSG-4)     
1 40732U 15034A   20026.84849515 -.00000002  00000-0  00000-0 0  9996
2 40732   0.6058 235.5784 0000700 133.0839  63.0453  1.00281666 16643
GSAT0205 (GALILEO 9)    
1 40889U 15045A   20023.28468738 -.00000018  00000-0  00000+0 0  9996
2 40889  56.2670 286.1238 0005122  11.2745 348.8006  1.70474557 27173
GSAT0206 (GALILEO 10)   
1 40890U 15045B   20022.91771181 -.00000019  00000-0  00000-0 0  9998
2 40890  56.2668 286.1304 0003430   3.7593 356.3049  1.70474644 27193
GPS BIIF-11             
1 41019U 15062A   20025.92296836 -.00000029  00000-0  00000+0 0  9994
2 41019  55.2723 122.4127 0054436 208.0158 151.7030  2.00564574 31011
ELEKTRO-L 2             
1 41105U 15074A   20027.23764535 -.00000101  00000-0  00000+0 0  9996
2 41105   0.8645  99.8010 0001066 262.8797 284.8199  1.00270558 15125
GSAT0209 (GALILEO 12)   
1 41174U 15079A   20026.60905755  .00000011  00000-0  00000+0 0  9997
2 41174  54.9743 165.4105 0003161 323.7953  36.1225  1.70473796 25578
GSAT0208 (GALILEO 11)   
1 41175U 15079B   20025.65568163  .00000007  00000-0  00000-0 0  9996
2 41175  54.9705 165.4363 0002367 331.0078  28.9147  1.70473741 25561
GPS BIIF-12             
1 41328U 16007A   20025.51459164  .00000013  00000-0  00000-0 0  9990
2 41328  54.8219 182.1465 0036130 217.4738 142.2321  2.00563288 29067
GSAT0211 (GALILEO 14)   
1 41549U 16030A   20024.01825750 -.00000016  00000-0  00000+0 0  9996
2 41549  56.4077 285.9416 0003987 332.6111  27.4355  1.70474376 22822
GSAT0210 (GALILEO 13)   
1 41550U 16030B   20026.07102921 -.00000015  00000-0  00000-0 0  9994
2 41550  56.4060 285.8870 0002691 308.7478  51.3024  1.70474479 22878
INSAT-3DR               
1 41752U 16054A   20026.86535948 -.00000083  00000-0  00000-0 0  9995
2 41752   0.1233  98.5850 0012944 177.2802 235.2606  1.00271573 12410
GSAT0207 (GALILEO 15)   
1 41859U 16069A   20025.72889455  .00000007  00000-0  00000-0 0  9993
2 41859  54.6314 165.8332 0002713 304.8457  55.0644  1.70473746 19760
GSAT0212 (GALILEO 16)   
1 41860U 16069B   20026.16893975  .00000009  00000-0  00000-0 0  9998
2 41860  54.6294 165.8203 0002308 346.4465  13.4844  1.70473674 19868
GSAT0213 (GALILEO 17)   
1 41861U 16069C   20026.53484348  .00000011  00000-0  00000+0 0  9992
2 41861  54.6321 165.8138 0001861 264.9303  94.9871  1.70473773 19870
GSAT0214 (GALILEO 18)   
1 41862U 16069D   20024.92208814  .00000004  00000-0  00000-0 0  9999
2 41862  54.6300 165.8542 0001033 275.9643  83.9580  1.70473774 19839
GOES 16                 
1 41866U 16071A   20026.35623750 -.00000255  00000-0  00000+0 0  9993
2 41866   0.0423  95.9701 0000428 266.2788 175.8875  1.00273088 11709
GSAT-17                 
1 42815U 17040B   20027.08729954 -.00000263  00000-0  00000+0 0  9998
2 42815   0.0389 267.2021 0005351   0.9170 342.6026  1.00270954  9474
GSAT0215 (GALILEO 19)   
1 43055U 17079A   20024.82492360 -.00000015  00000-0  00000+0 0  9999
2 43055  56.3814 285.7656 0001993 311.2599  48.7941  1.70473631 13174
GSAT0216 (GALILEO 20)   
1 43056U 17079B   20026.87756073 -.00000014  00000-0  00000+0 0  9990
2 43056  56.3804 285.7089 0003642 292.9034  67.1332  1.70473784 13196
GSAT0217 (GALILEO 21)   
1 43057U 17079C   20024.75122375 -.00000015  00000-0  00000+0 0  9999
2 43057  56.3789 285.7681 0003696 306.9965  53.0406  1.70473693 13178
GSAT0218 (GALILEO 22)   
1 43058U 17079D   20025.55778729 -.00000014  00000-0  00000+0 0  9998
2 43058  56.3801 285.7432 0004027 285.9798  74.0493  1.70473742 13182
GOES 17                 
1 43226U 18022A   20026.74424475  .00000092  00000-0  00000-0 0  9998
2 43226   0.0297 100.0730 0000249 239.8271 276.2834  1.00271779  7019
GSAT0221 (GALILEO 25)   
1 43564U 18060A   20026.04467917 -.00000062  00000-0  00000+0 0  9993
2 43564  56.7171  44.9722 0006498 273.5939  86.3807  1.70476195  9386
GSAT0222 (GALILEO 26)   
1 43565U 18060B   20024.50480325 -.00000063  00000-0  00000+0 0  9992
2 43565  56.7180  45.0135 0006232 279.0868  80.8959  1.70476238  9391
GSAT0219 (GALILEO 23)   
1 43566U 18060C   20025.31154259 -.00000063  00000-0  00000-0 0  9998
2 43566  56.7188  44.9930 0005917 275.7693  84.2143  1.70476104  9383
GSAT0220 (GALILEO 24)   
1 43567U 18060D   20026.70458060 -.00000062  00000-0  00000-0 0  9999
2 43567  56.7210  44.9551 0005978 276.8944  83.0847  1.70476259  9397
BEIDOU-3 M13            
1 43622U 18072A   20026.81865353 -.00000012  00000-0  00000-0 0  9998
2 43622  55.0916 140.7225 0004591 280.1043 355.9535  1.86231524  9199
BEIDOU-3 M14            
1 43623U 18072B   20026.92501691 -.00000010  00000-0  00000+0 0  9990
2 43623  55.0930 140.7096 0003541 315.9795 121.5718  1.86231524  9209
METEOR-M2 2             
1 44387U 19038A   20027.11915737 -.00000030  00000-0  55769-5 0  9993
2 44387  98.6005 350.1379 0000512 343.0053  17.1109 14.23675477 29286