AKEBONO (EXOS-D)        
1 19822U 89016A   20045.86664033  .00024510  10640-6  42308-3 0  9992
2 19822  75.0216 219.2527 1751467 136.4008 238.9701 12.04118591 24699
HST                     
1 20580U 90037B   20046.17768578  .00000354  00000-0  10572-4 0  9996
2 20580  28.4704  54.9924 0002604 198.6985 263.1222 15.09338083437409
POLAR                   
1 23802U 96013A   20043.39031853  .00000241  00000-0  00000+0 0  9991
2 23802  78.7070 251.5636 6448752 287.4667  15.1745  1.29845733114753
SWAS                    
1 25560U 98071A   20045.91512620  .00000088  00000-0  16810-4 0  9996
2 25560  69.9003 334.4645 0008054 189.8325 170.2675 14.93830740150574
ORSTED                  
1 25635U 99008B   20045.89142791  .00000056  00000-0  20811-4 0  9996
2 25635  96.4646  99.2062 0139355  25.6059 335.1954 14.48189504106730
CXO                     
1 25867U 99040B   20039.58323943  .00000620  00000-0  00000+0 0  9998
2 25867  64.5392 270.3470 7539653 229.8335   0.3303  0.37804574 19706
XMM-NEWTON              
1 25989U 99066A   20045.90382325  .00000045  00000-0  00000+0 0  9994
2 25989  71.1185 324.6195 7295364  93.8496   0.4349  0.50135488 25767
TERRA                   
1 25994U 99068A   20046.18364801  .00000041  00000-0  19089-4 0  9990
2 25994  98.2024 122.1420 0001453  90.0451 270.0918 14.57091312 72368
CLUSTER II-FM7 (SAMBA)  
1 26410U 00041A   20047.23665295 -.00000206  00000-0  00000-0 0  9998
2 26410 131.6478 340.7209 4274663 180.0256 359.3276  0.44238818 10042
CLUSTER II-FM6 (SALSA)  
1 26411U 00041B   20040.39201248 -.00000182  00000-0  00000+0 0  9995
2 26411 131.3993 341.9430 5494428 186.5397 359.3727  0.44151779 21089
CLUSTER II-FM5 (RUMBA)  
1 26463U 00045A   20047.24476771 -.00000250  00000-0  00000-0 0  9999
2 26463 135.0286 341.3971 5108157 185.9257 359.3651  0.44204993  9972
CLUSTER II-FM8 (TANGO)  
1 26464U 00045B   20043.81580245 -.00000037  00000-0  00000+0 0  9993
2 26464 131.6366 340.6922 4274050 179.9025 180.2948  0.44216860 57703
ODIN                    
1 26702U 01007A   20045.83814543  .00000126  00000-0  12241-4 0  9995
2 26702  97.5623  64.8433 0010059 340.3694  19.7145 15.07966720 37586
TIMED                   
1 26998U 01055B   20046.10787682  .00000090  00000-0  13869-4 0  9996
2 26998  74.0724 178.7380 0002324 283.1453  76.9469 14.88167744986195
RHESSI                  
1 27370U 02004A   20045.94596528  .00001517  00000-0  51937-4 0  9997
2 27370  38.0314 220.0874 0011367  39.5006 320.6592 15.32340694995382
INTEGRAL                
1 27540U 02048A   20044.48058294  .00000796  00000-0  00000-0 0  9994
2 27540  52.4549 124.4458 8910824 287.1839   2.4300  0.37590485 17959
CORIOLIS                
1 27640U 03001A   20045.95117987 -.00000011  00000-0  15601-4 0  9991
2 27640  98.7300  57.2539 0014740  35.7062  22.3201 14.19029773885923
SORCE                   
1 27651U 03004A   20046.10523165  .00000013  00000-0  15501-4 0  9993
2 27651  39.9959 297.8875 0024442 234.0202 125.8320 14.89080004925834
MOST                    
1 27843U 03031D   20046.01550087 -.00000020  00000-0  10775-4 0  9996
2 27843  98.7117  55.1082 0011128  89.9468 270.2984 14.20605062862078
SCISAT 1                
1 27858U 03036A   20046.14807101 -.00000032  00000-0  52123-6 0  9991
2 27858  73.9320  68.3106 0009239 298.8058  61.2188 14.77276121889440
SWIFT                   
1 28485U 04047A   20045.71006088  .00000740  00000-0  20029-4 0  9991
2 28485  20.5561 171.0981 0010997 292.7839  67.1433 15.04538698834818
FORMOSAT-3 FM6          
1 29047U 06011A   20045.89818940  .00000097  00000-0  54452-4 0  9998
2 29047  71.9801   2.1664 0052717 274.4108  85.1006 14.28715827723677
FORMOSAT-3 FM1          
1 29048U 06011B   20046.12419531  .00000041  00000-0  32623-4 0  9994
2 29048  71.9652 272.7644 0045375 233.4137 126.2821 14.28679576726196
FORMOSAT-3 FM5          
1 29049U 06011C   20045.85204148  .00000035  00000-0  30262-4 0  9990
2 29049  72.0197  84.2643 0037304 261.1282  98.5631 14.28762233721941
FORMOSAT-3 FM3          
1 29050U 06011D   20045.92401518  .00000094  00000-0  30073-4 0  9995
2 29050  72.0136 242.8331 0050433 191.3280 168.6742 14.58878052738313
FORMOSAT-3 FM4          
1 29051U 06011E   20045.85488816  .00000047  00000-0  33949-4 0  9997
2 29051  72.0072 346.5475 0067090 140.1247 220.4847 14.28790400724535
FORMOSAT-3 FM2          
1 29052U 06011F   20045.58324009  .00000015  00000-0  21937-4 0  9990
2 29052  72.0337  60.9379 0041860 223.1806 136.6047 14.28894151722008
CLOUDSAT                
1 29107U 06016A   20045.86895489  .00000100  00000-0  29091-4 0  9996
2 29107  98.2177 353.6383 0002721  66.7409 293.4079 14.62379860734262
CALIPSO                 
1 29108U 06016B   20046.14219554  .00000110  00000-0  31080-4 0  9994
2 29108  98.2166 353.7116 0001239  85.3465 274.7878 14.62380788734314
HINODE (SOLAR-B)        
1 29479U 06041A   20045.66831382  .00000048  00000-0  18089-4 0  9992
2 29479  98.1642  58.3661 0017873  41.7782 318.4782 14.65043494715766
SJ-6C                   
1 29505U 06046A   20046.22440617 -.00000243  00000-0 -17018-4 0  9997
2 29505  97.8215  60.3464 0006112  81.7377 278.4530 14.94795558725203
SJ-6D                   
1 29506U 06046B   20046.19528387  .00000671  00000-0  69221-4 0  9991
2 29506  97.8419  60.3673 0002780 140.7529 219.3889 14.93495530724772
AGILE                   
1 31135U 07013A   20045.33970627  .00002095  00000-0  29764-4 0  9990
2 31135   2.4683  83.9513 0011706  37.2861 322.8005 15.32082758345585
AIM                     
1 31304U 07015A   20045.74116231  .00000525  00000-0  33351-4 0  9991
2 31304  97.9251 283.7722 0006516  67.2597 292.9321 15.13424588701974
FGRST (GLAST)           
1 33053U 08029A   20046.17014340  .00000395  00000-0  57550-5 0  9999
2 33053  25.5814 219.9089 0012502  21.8820 338.2248 15.11301769644660
WISE                    
1 36119U 09071A   20046.12591485  .00000468  00000-0  18693-4 0  9993
2 36119  97.3450  83.9310 0004269  99.0506 261.1218 15.29932660564968
SDO                     
1 36395U 10005A   20039.24675698 -.00000089  00000-0  00000+0 0  9990
2 36395  30.1044 123.5213 0000675 356.9971   3.8317  1.00268174 36757
CRYOSAT 2               
1 36508U 10013A   20045.91792610 -.00000004  00000-0 -15935-5 0  9997
2 36508  92.0260  77.7924 0004762 272.2880  87.7782 14.52176169522344
X-SAT                   
1 37389U 11015C   20046.16522244 -.00000018  00000-0  10481-4 0  9994
2 37389  98.4540 106.2657 0012990 293.1297  66.8519 14.24382122458734
GCOM-W1 (SHIZUKU)       
1 38337U 12025A   20046.06621374  .00000039  00000-0  18795-4 0  9991
2 38337  98.2215 347.8271 0001437  34.1814 336.2883 14.57112300412038
NUSTAR                  
1 38358U 12031A   20045.61844426  .00000933  00000-0  23729-4 0  9992
2 38358   6.0272  88.5323 0012309 266.2466  93.6255 14.88253102417536
NEOSSAT                 
1 39089U 13009D   20045.67552116 -.00000006  00000-0  13384-4 0  9996
2 39089  98.4761 249.9388 0010349 298.5466  61.4677 14.34493998364802
IRIS                    
1 39197U 13033A   20046.11521938  .00000080  00000-0  18115-4 0  9999
2 39197  97.9531 229.5944 0026378 268.6113  91.2076 14.78698943357877
HISAKI (SPRINT-A)       
1 39253U 13049A   20045.52761588  .00000144  00000-0  10848-3 0  9995
2 39253  29.7203 103.9529 0137375 337.7522  21.7133 13.55217256318221
CASSIOPE                
1 39265U 13055A   20046.16170980  .00002161  00000-0  61750-4 0  9996
2 39265  80.9665  83.2493 0662122 303.1587  50.7728 14.28830830330176
STSAT-3                 
1 39422U 13066G   20046.06268646 -.00000059  00000-0 -63074-6 0  9998
2 39422  97.5273  84.8013 0021554 242.6512 117.2551 14.89797649338761
SWARM B                 
1 39451U 13067A   20046.16249940  .00000250  00000-0  94543-5 0  9993
2 39451  87.7535 316.8020 0002272  59.9215 300.2256 15.21681951345787
SWARM A                 
1 39452U 13067B   20046.15217175  .00000943  00000-0  19467-4 0  9998
2 39452  87.3675 175.5257 0003176 100.9942 259.1672 15.44327108350190
SWARM C                 
1 39453U 13067C   20046.15207831  .00000922  00000-0  19006-4 0  9993
2 39453  87.3527 176.7314 0003160 100.9968 259.1645 15.44326804350153
BRITE-CA1 (TORONTO)     
1 40020U 14033L   20046.13100019  .00000056  00000-0  17662-4 0  9991
2 40020  97.7319 241.3799 0088773 106.0399 255.0604 14.66622253302699
OCO 2                   
1 40059U 14035A   20046.12894908  .00000002  00000-0  10513-4 0  9990
2 40059  98.2221 348.6174 0001166  82.9777 277.1554 14.57100949299079
BRITE-PL2 (HEWELIUSZ)   
1 40119U 14049B   20045.83496084  .00000107  00000-0  19175-4 0  9991
2 40119  97.8965 139.2896 0018211 149.4627 210.7652 14.84470294297447
RESURS P2               
1 40360U 14087A   20046.10883854  .00000468  00000-0  16841-4 0  9994
2 40360  97.2493 137.3139 0007433 267.7603 136.2592 15.33395278287410
MMS 1                   
1 40482U 15011A   20045.40690972 -.00002014  00000-0  00000+0 0  9991
2 40482  24.5493 120.2939 8764749  18.2980 286.4921  0.28543478 10853
MMS 2                   
1 40483U 15011B   20045.40667824 -.00002013  00000-0  00000+0 0  9991
2 40483  24.5464 120.2941 8763682  18.2949 286.4729  0.28543475 10836
MMS 3                   
1 40484U 15011C   20045.40687500 -.00002013  00000-0  00000+0 0  9995
2 40484  24.5433 120.2821 8764319  18.3093 286.4740  0.28544867 10838
MMS 4                   
1 40485U 15011D   20045.40641204 -.00002013  00000-0  00000+0 0  9997
2 40485  24.5464 120.2976 8764085  18.2989 286.4266  0.28543439 10845
ASTROSAT                
1 40930U 15052A   20045.80515182  .00000702  00000-0  95465-5 0  9993
2 40930   5.9962 143.6226 0008962 316.7931  43.1493 14.76294769236918
DAMPE                   
1 41173U 15078A   20046.17706400  .00000005  00000-0  31051-5 0  9994
2 41173  97.3182  43.0740 0013105 332.9716  91.6036 15.23848036231626
PISAT                   
1 41784U 16059B   20045.88521487  .00000040  00000-0  16781-4 0  9990
2 41784  98.0371 105.6260 0031454 345.1243  14.9031 14.63488096180830
HXMT (HUIYAN)           
1 42758U 17034A   20046.20261416  .00000063  00000-0  17725-4 0  9990
2 42758  43.0203 352.1025 0012018 327.7932 168.0743 15.08754272147252
FLYING LAPTOP           
1 42831U 17042G   20045.92108455  .00000031  00000-0  84662-5 0  9992
2 42831  97.5390 293.4772 0013666 343.2078  16.8687 14.91086818140889
PICSAT                  
1 43132U 18004X   20046.15990155  .00000886  00000-0  39408-4 0  9993
2 43132  97.4611 118.2007 0011050 122.5570 237.6736 15.24104750116271
ZHANGZHENG-1 (CSES)     
1 43194U 18015C   20046.11188595  .00000750  00000-0  36951-4 0  9996
2 43194  97.4184 172.8888 0015210 173.5531 359.3339 15.20932562112916
ICON                    
1 44628U 19068A   20045.58630356  .00000474  00000-0  26296-4 0  9999
2 44628  26.9925 121.5394 0019359  63.9733 296.2816 14.91637071 18914
