ASTRA 1D                
1 23331U 94070A   20026.97730712 -.00000274  00000-0  00000+0 0  9991
2 23331   8.9118  43.0566 0003998 263.3528  98.1254  1.00274647 92778
ASTRA 1F                
1 23842U 96021A   20026.79424194  .00000133  00000-0  00000+0 0  9993
2 23842   0.0860 295.0691 0004552   7.3459 153.3247  1.00270443 86933
AMC-1 (GE-1)            
1 24315U 96054A   20026.57185322  .00000059  00000-0  00000-0 0  9996
2 24315   3.6159  79.7208 0002971 234.6567 245.8886  1.00273331 85628
AMC-2 (GE-2)            
1 24713U 97002A   20027.15348104 -.00000219  00000-0  00000+0 0  9994
2 24713   6.1028  61.1306 0004898 252.0299 143.1259  1.00273162 34937
AMC-3 (GE-3)            
1 24936U 97050A   20026.76221872 -.00000267  00000-0  00000+0 0  9995
2 24936   2.4733  86.8401 0003027 229.3938  11.6532  1.00273110 82047
NSS-5                   
1 24957U 97053A   20026.78655756  .00000098  00000-0  00000+0 0  9996
2 24957   5.6842  64.5556 0003774 241.9353 152.6792  1.00272850 81841
ASTRA 1G                
1 25071U 97076A   20026.78917465  .00000012  00000-0  00000+0 0  9993
2 25071   4.3096  74.0549 0003673 232.4400 166.3547  1.00273439 81147
ASTRA 2A                
1 25462U 98050A   20026.79650248 -.00000311  00000-0  00000+0 0  9997
2 25462   1.2903  94.7558 0002727 203.0344 214.5256  1.00271918 78344
ASTRA 1H                
1 25785U 99033A   20026.80801764 -.00000275  00000-0  00000+0 0  9999
2 25785   5.6707  64.7401 0003542  99.5725  49.6447  0.98946738 75377
AMC-4 (GE-4)            
1 25954U 99060A   20027.11960433  .00000082  00000-0  00000+0 0  9996
2 25954   0.0968 278.1075 0002444  32.0567  83.8288  1.00272347 74090
ASTRA 2B                
1 26494U 00054A   20026.78045104  .00000110  00000-0  00000+0 0  9994
2 26494   4.2071  74.6905 0004953 226.3316 125.0288  1.00270862 70847
AMC-7 (GE-7)            
1 26495U 00054B   20025.67269895  .00000099  00000-0  00000+0 0  9993
2 26495   0.9839  94.1982 0017285 294.1841 202.3469  1.00065494 70846
NSS-11 (AAP-1)          
1 26554U 00059A   20026.81159432  .00000019  00000-0  00000+0 0  9998
2 26554   0.0446 278.8948 0001921  18.6005 296.1902  1.00270989 70773
AMC-6 (GE-6)            
1 26580U 00067A   20027.21052630 -.00000220  00000-0  00000+0 0  9998
2 26580   0.0416 270.8793 0002303  55.3776 152.4471  1.00270402 70592
ASTRA 2D                
1 26638U 00081A   20026.85233354  .00000131  00000-0  00000+0 0  9991
2 26638   5.5056  65.4608 0002008 232.7183 154.5694  1.00531615 69992
AMC-8 (GE-8)            
1 26639U 00081B   20026.34635262  .00000097  00000-0  00000+0 0  9991
2 26639   0.3233  96.6942 0002895 201.7369 172.3394  1.00272206 69876
ASTRA 2C                
1 26853U 01025A   20026.32896619  .00000128  00000-0  00000+0 0  9996
2 26853   2.4981  86.5946 0002645 218.5209 322.0463  1.00272580 68179
ASTRA 3A                
1 27400U 02015B   20027.20318841 -.00000209  00000-0  00000+0 0  9990
2 27400   5.6390  64.2258 0002792 243.7506 164.2890  1.00273879 65325
NSS-7                   
1 27414U 02019A   20026.36426446 -.00000166  00000-0  00000+0 0  9998
2 27414   3.9196  77.6667 0002652 233.5501 285.0130  1.00271187 65154
NSS-6                   
1 27603U 02057A   20027.14021791 -.00000202  00000-0  00000+0 0  9992
2 27603   0.1101 275.8117 0004377   1.6749 172.0476  1.00272324 62659
AMC-11 (GE-11)          
1 28252U 04017A   20027.12581588  .00000064  00000-0  00000+0 0  9999
2 28252   0.0512 284.0590 0002520  13.8508 102.2222  1.00272557 57317
AMC-15                  
1 28446U 04041A   20027.17609716 -.00000094  00000-0  00000+0 0  9994
2 28446   0.0139  24.0346 0002802 290.2495 129.9563  1.00272222 55958
AMC-16                  
1 28472U 04048A   20027.20936800 -.00000211  00000-0  00000+0 0  9992
2 28472   0.0348 306.2705 0002491 357.2444 172.7925  1.00272022 55423
NSS-10 (AMC-12)         
1 28526U 05003A   20027.14063580 -.00000256  00000-0  00000+0 0  9992
2 28526   0.6875  95.8328 0002470 211.4386 191.7761  1.00271124 54924
ASTRA 1KR               
1 29055U 06012A   20026.99571392  .00000114  00000-0  00000+0 0  9990
2 29055   0.0588 262.6786 0004239   6.2642 234.4299  1.00267416 50352
AMC-18                  
1 29644U 06054B   20026.74887160  .00000098  00000-0  00000+0 0  9997
2 29644   0.0434 266.9703 0000854 112.6345 236.4616  1.00273571 48152
ASTRA 1L                
1 31306U 07016A   20026.34955191  .00000113  00000-0  00000-0 0  9999
2 31306   0.0726 291.6245 0005134  12.3243 326.1793  1.00274812 21646
ASTRA 4A (SIRIUS 4)     
1 32299U 07057A   20026.77748502  .00000026  00000-0  00000+0 0  9991
2 32299   0.0112   9.8839 0002717 292.4855 107.8311  1.00272460 44562
AMC-21                  
1 33275U 08038B   20026.37202303  .00000030  00000-0  00000+0 0  9991
2 33275   0.0532 277.3192 0002300  23.5732 193.2417  1.00271481 42063
ASTRA 1M                
1 33436U 08057A   20026.34955191  .00000113  00000-0  00000-0 0  9991
2 33436   0.0370 110.8596 0000567 146.6624  12.5614  1.00272932 22333
CIEL-2                  
1 33453U 08063A   20027.15587867  .00000053  00000-0  00000+0 0  9990
2 33453   0.0328 256.4171 0002816  45.9763 110.7429  1.00272516 40754
NSS-9                   
1 33749U 09008A   20025.73629404  .00000064  00000-0  00000-0 0  9997
2 33749   0.0343 297.3311 0002026   0.0736 275.2139  1.00273646 40158
SES-7 (PROTOSTAR 2)     
1 34941U 09027A   20027.14007887 -.00000350  00000-0  00000+0 0  9993
2 34941   0.0156  85.5502 0001787 202.9434 356.0593  1.00271381 39227
NSS-12                  
1 36032U 09058A   20026.39702153  .00000065  00000-0  00000+0 0  9996
2 36032   0.0389 299.2868 0002669  15.1838  10.5825  1.00272591 37524
SES-1                   
1 36516U 10016A   20026.33016814 -.00000121  00000-0  00000-0 0  9990
2 36516   0.0469 275.3746 0002361  24.4012 203.1427  1.00272551 35641
ASTRA 3B                
1 36581U 10021A   20026.78123618  .00000131  00000-0  00000+0 0  9997
2 36581   0.0278  39.0613 0003360 270.0310 121.1427  1.00271755 35250
SES-3                   
1 37748U 11035A   20027.25224962 -.00000107  00000-0  00000+0 0  9990
2 37748   0.0135 320.1059 0002165 339.8637 173.8228  1.00271951 31307
ASTRA 1N                
1 37775U 11041A   20026.34955191  .00000113  00000-0  00000-0 0  9998
2 37775   0.0441  48.8047 0003817 311.5859 269.7126  1.00273635 21128
SES-2                   
1 37809U 11049A   20027.14308448 -.00000201  00000-0  00000+0 0  9998
2 37809   0.0558 277.7003 0002547  40.6936 131.9747  1.00271871 30618
QUETZSAT 1              
1 37826U 11054A   20026.37341154 -.00000248  00000-0  00000-0 0  9990
2 37826   0.0469 290.2890 0002347  21.0637 231.1856  1.00271722 26491
SES-4                   
1 38087U 12007A   20026.77216362 -.00000174  00000-0  00000+0 0  9992
2 38087   0.0142  39.1996 0002221 279.6833  62.5911  1.00271263 29093
SES-5                   
1 38652U 12036A   20026.77757226  .00000028  00000-0  00000+0 0  9998
2 38652   0.0507  97.8922 0001797 202.6589 109.8531  1.00272987 27676
ASTRA 2F                
1 38778U 12051A   20027.17900686  .00000145  00000-0  00000+0 0  9999
2 38778   0.0836 244.7118 0003176  17.7514 316.0435  1.00272681 26895
SES-6                   
1 39172U 13026A   20026.40955730 -.00000268  00000-0  00000+0 0  9993
2 39172   0.0549 283.8146 0002020  19.1911 289.0795  1.00272189 24310
O3B FM5                 
1 39188U 13031A   20025.73151612 -.00000029  00000-0  00000-0 0  9994
2 39188   0.0409 346.4295 0003223 326.4706  47.0666  5.00116129120338
O3B FM4                 
1 39189U 13031B   20025.98465187 -.00000029  00000-0  00000+0 0  9996
2 39189   0.0436  25.1058 0002596 283.5097  51.3550  5.00114222120360
O3B FM2                 
1 39190U 13031C   20025.64956752 -.00000029  00000-0  00000+0 0  9994
2 39190   0.0448  31.5951 0003001 141.5842 186.8186  5.00115864120318
O3B PFM                 
1 39191U 13031D   20026.10259866 -.00000029  00000-0  00000-0 0  9990
2 39191   0.0411 359.2954 0002423 315.8046  44.8743  5.00115257120263
ASTRA 2E                
1 39285U 13056A   20027.17900686  .00000145  00000-0  00000+0 0  9999
2 39285   0.0550  26.6485 0002652 283.9893 268.2035  1.00269525 23198
SES-8                   
1 39460U 13071A   20027.08729954 -.00000274  00000-0  00000+0 0  9992
2 39460   0.0186 242.7799 0001068 112.8159 256.6620  1.00267274 22472
ASTRA 5B                
1 39617U 14011B   20026.34563293  .00000148  00000-0  00000+0 0  9990
2 39617   0.0465 310.5943 0003470 359.1980 331.2049  1.00269749 21460
O3B FM3                 
1 40079U 14038A   20026.18379157 -.00000029  00000-0  00000+0 0  9998
2 40079   0.0402  15.4057 0004926 296.2729  48.2729  5.00115830101353
O3B FM7                 
1 40080U 14038B   20025.73064093 -.00000029  00000-0  00000-0 0  9991
2 40080   0.0378  21.0501 0000761 280.9364  57.9999  5.00116337101216
O3B FM6                 
1 40081U 14038C   20026.75629363 -.00000028  00000-0  00000-0 0  9991
2 40081   0.0412  16.2485 0002656 289.6284  54.0923  5.00115038101240
O3B FM8                 
1 40082U 14038D   20026.20991372 -.00000029  00000-0  00000-0 0  9995
2 40082   0.0430  19.6293 0002637 283.0994  57.2396  5.00115227101317
O3B FM10                
1 40348U 14083A   20026.03661137 -.00000029  00000-0  00000-0 0  9994
2 40348   0.0442   4.7660 0002639 299.1613  56.0414  5.00115422 93287
O3B FM11                
1 40349U 14083B   20027.04939675 -.00000028  00000-0  00000+0 0  9990
2 40349   0.0396   3.4490 0002052 312.8875  43.6413  5.00116003 93338
O3B FM12                
1 40350U 14083C   20026.51715988 -.00000028  00000-0  00000-0 0  9993
2 40350   0.0401   4.9292 0002379 298.3448  56.6970  5.00115612 93314
O3B FM9                 
1 40351U 14083D   20026.70297919 -.00000028  00000-0  00000-0 0  9994
2 40351   0.0386   2.7187 0002598 303.0547  54.1964  5.00115317 93333
ASTRA 2G                
1 40364U 14089A   20027.17900686  .00000144  00000-0  00000+0 0  9995
2 40364   0.0393 322.7788 0002812  56.3970 199.3669  1.00269737 18629
SES-9                   
1 41380U 16013A   20026.84807233 -.00000351  00000-0  00000-0 0  9992
2 41380   0.0159 290.7594 0000776 106.8337 141.6245  1.00267346 14048
SES-10                  
1 42432U 17017A   20026.76317831 -.00000278  00000-0  00000-0 0  9995
2 42432   0.0085  66.8057 0002429 240.9081  25.6191  1.00272021 10351
SES-15                  
1 42709U 17026A   20026.73868750  .00000054  00000-0  00000-0 0  9991
2 42709   0.0105  78.8157 0000539 246.6595 296.7728  1.00274158 10752
SES-11 (ECHOSTAR 105)   
1 42967U 17063A   20027.17604222 -.00000094  00000-0  00000+0 0  9993
2 42967   0.0140 104.8263 0002397 206.7989 132.6791  1.00271881  8411
SES-14                  
1 43175U 18012B   20026.76710394 -.00000284  00000-0  00000-0 0  9994
2 43175   0.0210  68.7284 0000817 242.1961  43.2465  1.00268814  7664
O3B FM15                
1 43231U 18024A   20026.76962796 -.00000028  00000-0  00000-0 0  9991
2 43231   0.0477   4.7955 0002846 304.3713  50.8018  5.00115270 34431
O3B FM16                
1 43232U 18024B   20026.82294185 -.00000028  00000-0  00000-0 0  9999
2 43232   0.0518   3.8648 0002811 305.3000  50.8041  5.00115299 34436
O3B FM14                
1 43233U 18024C   20026.06384495 -.00000029  00000-0  00000-0 0  9991
2 43233   0.0533   4.4560 0002637 303.6064  51.9076  5.00116500 34404
O3B FM13                
1 43234U 18024D   20025.67753832 -.00000029  00000-0  00000-0 0  9993
2 43234   0.0348 335.5316 0004006  15.6244   8.8306  5.00116280 34376
SES-12                  
1 43488U 18049A   20026.79855277 -.00000275  00000-0  00000+0 0  9993
2 43488   0.0189  61.9733 0002307 215.6868 230.3309  1.00271560  6024
O3B FM20                
1 44112U 19020A   20026.68958321 -.00000028  00000-0  00000-0 0  9997
2 44112   0.0444   5.5477 0002741 310.4336  43.9907  5.00116845 14915
O3B FM19                
1 44113U 19020B   20026.07730752 -.00000029  00000-0  00000-0 0  9998
2 44113   0.0378 307.6407 0003920  13.8618  38.4633  5.00116106 14867
O3B FM17                
1 44114U 19020C   20026.19707736 -.00000029  00000-0  00000-0 0  9998
2 44114   0.0454   5.9351 0002869 303.3635  50.6697  5.00116147 14889
O3B FM18                
1 44115U 19020D   20026.34355638 -.00000028  00000-0  00000-0 0  9995
2 44115   0.0441   5.0234 0002886 300.9838  53.9598  5.00115743 14892