LEMUR-1                 
1 40044U 14033AL  20045.72490236  .00000101  00000-0  22206-4 0  9995
2 40044  97.7255 267.2719 0060045  41.5037 319.0709 14.74173371303685
LEMUR-2-JOEL            
1 40932U 15052C   20045.64422491  .00000820  00000-0  23348-4 0  9998
2 40932   6.0077 120.9371 0013691   1.0576 358.9581 14.77926212237093
LEMUR-2-CHRIS           
1 40933U 15052D   20045.61405533  .00000836  00000-0  25215-4 0  9996
2 40933   6.0060 118.3402 0014292   7.6691 352.3654 14.78077769237117
LEMUR-2-PETER           
1 40935U 15052F   20045.70665701  .00000838  00000-0  27118-4 0  9999
2 40935   6.0038 133.8512 0010821 329.7041  30.2461 14.77218979236968
LEMUR-2-XIAOQING        
1 41871U 16062C   20046.49658213  .00001929  00000-0  86338-4 0  9999
2 41871  51.6408 127.1045 0006341 137.2081 222.9392 15.26359059179431
LEMUR-2-SOKOLSKY        
1 41872U 16062D   20046.51110232  .00001334  00000-0  64129-4 0  9991
2 41872  51.6845 131.8906 0002570 238.6814 121.3914 15.26137205179412
LEMUR-2-ANUBHAVTHAKUR   
1 41873U 16062E   20046.53703832  .00001337  00000-0  69219-4 0  9996
2 41873  51.6848 143.0448 0005094  82.4212 277.7345 15.23484301179214
LEMUR-2-WINGO           
1 41874U 16062F   20045.89175758  .00000253  00000-0  23245-4 0  9990
2 41874  51.6562 134.6371 0012462  56.9502 303.2672 15.25814984179274
LEMUR-2-JOBANPUTRA      
1 41991U 17008AV  20045.91238130  .00000826  00000-0  36226-4 0  9997
2 41991  97.3733 113.3929 0008192  31.6082 328.5646 15.24722381165962
LEMUR-2-SPIRE-MINIONS   
1 41992U 17008AW  20045.83224042  .00001154  00000-0  47818-4 0  9990
2 41992  97.3759 114.5441 0007733  29.3699 330.7973 15.25879216166028
LEMUR-2-SATCHMO         
1 41993U 17008AX  20045.72792495  .00000841  00000-0  36639-4 0  9992
2 41993  97.3736 113.4758 0008089  31.4867 328.6854 15.24904540165952
LEMUR-2-SMITA-SHARAD    
1 41994U 17008AY  20046.25762674  .00001165  00000-0  48331-4 0  9990
2 41994  97.3756 114.8482 0007749  26.7643 333.3994 15.25837007166082
LEMUR-2-RDEATON         
1 41995U 17008AZ  20045.81974457  .00000813  00000-0  35447-4 0  9999
2 41995  97.3738 113.6832 0009412  41.7643 318.4311 15.24969006166659
LEMUR-2-TACHIKOMA       
1 41996U 17008BA  20045.75332378  .00001107  00000-0  46201-4 0  9990
2 41996  97.3776 114.4721 0009104  41.0093 319.1829 15.25719582165900
LEMUR-2-NOGUECORREIG    
1 41997U 17008BB  20046.16562201  .00001149  00000-0  47553-4 0  9994
2 41997  97.3767 115.1156 0009145  38.8118 321.3776 15.25943784166076
LEMUR-2-MIA-GRACE       
1 41998U 17008BC  20046.40624179  .00000799  00000-0  34991-4 0  9997
2 41998  97.3735 114.0996 0009310  40.8361 319.3573 15.24859302165970
LEMUR-2-ANGELA          
1 42752U 17019B   20046.44253423  .00000796  00000-0  38136-4 0  9994
2 42752  51.6414  46.1869 0009351 224.9671 135.0553 15.31127597150241
LEMUR-2-JENNYBARNA      
1 42753U 17019C   20046.36934454  .00001411  00000-0  56027-4 0  9990
2 42753  51.6410  41.3150 0008810 228.3849 131.6378 15.32477081150257
LEMUR-2-ROBMOORE        
1 42754U 17019D   20046.50112898  .00000658  00000-0  33698-4 0  9998
2 42754  51.6413  46.5510 0009282 227.5034 132.5164 15.31021976150226
LEMUR-2-SPIROVISION     
1 42755U 17019E   20046.46822799  .00002299  00000-0  83671-4 0  9991
2 42755  51.6413  40.8681 0009088 229.5352 265.8987 15.32557563150187
LEMUR-2-SHAINAJOHL      
1 42771U 17036G   20046.13747980  .00000968  00000-0  44420-4 0  9990
2 42771  97.3208 102.6266 0016088  92.3651 267.9428 15.22671149146966
LEMUR-2-XUENITERENCE    
1 42772U 17036H   20045.87190805  .00000988  00000-0  45012-4 0  9999
2 42772  97.3187 102.3982 0015585  92.3570 267.9452 15.22864887146933
LEMUR-2-LUCYBRYCE       
1 42773U 17036J   20046.14361679  .00000529  00000-0  25554-4 0  9990
2 42773  97.3237 103.1980 0015571  90.8380 269.4641 15.22776546146991
LEMUR-2-KUNGFOO         
1 42774U 17036K   20045.65574702  .00001040  00000-0  47289-4 0  9997
2 42774  97.3209 102.3604 0015507  92.8827 267.4185 15.22827288146892
LEMUR-2-LYNSEY-SYMO     
1 42779U 17036Q   20046.11985764  .00001036  00000-0  45225-4 0  9991
2 42779  97.3234 104.4601 0013365  96.5542 263.7218 15.24277550147058
LEMUR-2-LISASAURUS      
1 42780U 17036R   20045.92157306  .00000542  00000-0  25737-4 0  9991
2 42780  97.3226 103.5670 0013603  98.3173 261.9607 15.23276541146994
LEMUR-2-SAM-AMELIA      
1 42781U 17036S   20046.42566857  .00000569  00000-0  26689-4 0  9999
2 42781  97.3241 104.5031 0013670  96.5024 263.7770 15.23530929147088
LEMUR-2-MCPEAKE         
1 42782U 17036T   20045.71076121  .00001062  00000-0  47041-4 0  9995
2 42782  97.3227 103.7713 0013293  98.1719 262.1027 15.23711387146975
LEMUR-2-GREENBERG       
1 42837U 17042N   20045.75100873  .00000381  00000-0  42752-4 0  9996
2 42837  97.5417 294.4125 0012620 339.3792  20.6917 14.92080600140935
LEMUR-2-ANDIS           
1 42838U 17042P   20045.74050930  .00000111  00000-0  16238-4 0  9995
2 42838  97.5417 294.4235 0012644 338.9167  21.1530 14.92045201140930
LEMUR-2-MONSON          
1 42839U 17042Q   20046.45826646  .00000103  00000-0  15516-4 0  9999
2 42839  97.5423 295.0242 0012406 336.4851  23.5799 14.91872593141038
LEMUR-2-FURIAUS         
1 42840U 17042R   20045.77290114  .00000299  00000-0  34776-4 0  9995
2 42840  97.5420 294.5310 0012679 338.7333  21.3357 14.92016385140933
LEMUR-2-PETERG          
1 42841U 17042S   20045.78563166  .00000252  00000-0  29911-4 0  9991
2 42841  97.5435 294.8689 0012130 336.0905  23.9750 14.92288785140963
LEMUR-2-DEMBITZ         
1 42842U 17042T   20045.77601909  .00000377  00000-0  42172-4 0  9991
2 42842  97.5428 294.8494 0012227 336.8826  23.1842 14.92284334140967
LEMUR-2-ZACHARY         
1 42845U 17042W   20045.77033300  .00000493  00000-0  53196-4 0  9995
2 42845  97.5365 294.5188 0012511 340.0682  20.0048 14.92540896140973
LEMUR-2-ARTFISCHER      
1 42881U 17042BJ  20045.87538083  .00002824  00000-0  72032-4 0  9994
2 42881  96.9085 280.0851 0013029  62.6382 297.6190 15.40212790145025
LEMUR-2-ROCKETJONAH     
1 43041U 17071E   20045.78326878  .00004658  00000-0  10210-3 0  9998
2 43041  51.6373 302.4238 0000607 158.6172 201.4840 15.46111965125718
LEMUR-2-YONGLIN         
1 43045U 17071J   20046.41391153  .00004418  00000-0  94597-4 0  9996
2 43045  51.6380 296.2131 0003014 322.1245  37.9531 15.46962934123577
LEMUR-2-KEVIN           
1 43046U 17071K   20046.09919266  .00003775  00000-0  86317-4 0  9998
2 43046  51.6386 302.3499 0002969 316.0126  44.0624 15.45441230123479
LEMUR-2-BRIANDAVIE      
1 43047U 17071L   20046.09336300  .00004113  00000-0  92445-4 0  9997
2 43047  51.6371 302.9544 0002411   5.9416 354.1599 15.45701685123456
LEMUR-2-ROMACOSTE       
1 43048U 17071M   20046.17429478  .00004902  00000-0  10647-3 0  9995
2 43048  51.6379 300.5780 0002374   7.6308 352.4715 15.46263822123490
LEMUR-2-MCCULLAGH       
1 43051U 17071Q   20045.77635700  .00005385  00000-0  11626-3 0  9995
2 43051  51.6390 302.4324 0001502 108.4923 251.6227 15.46222057123388
LEMUR-2-DUNLOP          
1 43053U 17071S   20045.88742220  .00003550  00000-0  82172-4 0  9992
2 43053  51.6370 305.3014 0001474 114.0491 246.0651 15.45265515123369
LEMUR-2-LIU-POU-CHUN    
1 43054U 17071T   20046.15694409  .00003804  00000-0  85826-4 0  9990
2 43054  51.6375 301.1779 0000280 141.4945 218.6062 15.45813410123442
LEMUR-2-MCCAFFERTY      
1 43123U 18004N   20046.14087283  .00001230  00000-0  52219-4 0  9990
2 43123  97.4626 118.7563 0011089 120.1674 240.0663 15.24950159116291
LEMUR-2-PETERWEBSTER    
1 43124U 18004P   20046.12742658  .00001107  00000-0  47395-4 0  9995
2 43124  97.4630 118.6355 0011119 119.0821 241.1531 15.24889545116296
LEMUR-2-BROWNCOW        
1 43125U 18004Q   20045.76456483  .00001380  00000-0  57804-4 0  9992
2 43125  97.4635 118.5035 0010910 121.1324 239.0985 15.25218769116256
LEMUR-2-DAVEWILSON      
1 43126U 18004R   20046.45985331  .00001473  00000-0  61700-4 0  9992
2 43126  97.4634 119.1165 0011026 119.4618 240.7721 15.25096175116355
LEMUR-2-MARSHALL        
1 43165U 18010C   20046.14382297  .00001591  00000-0  70462-4 0  9996
2 43165  82.9197 151.4285 0032686 109.3818 251.0956 15.20351716114632
LEMUR-2-TALLHAMN-ATC    
1 43167U 18010E   20046.11132386  .00001203  00000-0  56597-4 0  9990
2 43167  82.9230 153.8637 0026045 121.4098 238.9689 15.18203785114485
LEMUR-2-JIN-LUEN        
1 43182U 18014C   20045.73948930  .00000356  00000-0  36395-4 0  9990
2 43182  97.6942 314.4374 0012876 284.1852  75.7939 14.96482124111157
LEMUR-2-URAMCHANSOL     
1 43183U 18014D   20045.78481099 -.00000190  00000-0 -11610-4 0  9995
2 43183  97.6949 314.5303 0012679 285.3007  74.6813 14.96541763111169
LEMUR-2-KADI            
1 43184U 18014E   20045.70731444  .00000252  00000-0  27225-4 0  9996
2 43184  97.6953 314.4826 0012433 286.8087  73.1770 14.96555674111157
LEMUR-2-THENICKMOLO     
1 43185U 18014F   20045.70435671  .00000493  00000-0  48368-4 0  9998
2 43185  97.6959 314.5022 0012219 287.5680  72.4206 14.96550705111158
LEMUR-2-VU              
1 43558U 18046E   20046.07620491  .00003039  00000-0  11392-3 0  9999
2 43558  51.6422 335.8940 0007180 213.8574 146.1949 15.30415268 88516
LEMUR-2-ALEXANDER       
1 43559U 18046F   20046.05151624  .00001707  00000-0  69077-4 0  9999
2 43559  51.6427 335.7384 0007019 213.8525 146.2008 15.30543228 88290
LEMUR-2-YUASA           
1 43560U 18046G   20045.82833691  .00002626  00000-0  10041-3 0  9993
2 43560  51.6416 337.2319 0007298 226.8380 133.1991 15.30313964 88475
LEMUR-2-TOMHENDERSON    
1 43561U 18046H   20046.15803744  .00001496  00000-0  62556-4 0  9990
2 43561  51.6435 335.6835 0007301 227.3847 132.6518 15.30266865 88084
LEMUR-2-ZUPANSKI        
1 43695U 18088F   20046.13877158  .00001259  00000-0  54915-4 0  9999
2 43695  85.0354 158.9179 0018582  44.8873 315.3867 15.20894510 70007
LEMUR-2-CHANUSIAK       
1 43697U 18088H   20046.04009683  .00001182  00000-0  50348-4 0  9992
2 43697  85.0416 159.0052 0016647  28.2470 331.9671 15.21650787 70069
LEMUR-2-ORZULAK         
1 43731U 18096N   20045.76493870  .00001519  00000-0  57622-4 0  9999
2 43731  97.4361 120.7890 0020067 199.5718 160.4753 15.28265917 67557
LEMUR-2-KOBYSZCZE       
1 43732U 18096P   20045.92128599  .00001481  00000-0  56004-4 0  9992
2 43732  97.4365 121.0559 0020195 199.2558 160.7920 15.28414059 67584
LEMUR-2-DULY            
1 43745U 18096AC  20045.86820377  .00001922  00000-0  71758-4 0  9995
2 43745  97.4359 120.9523 0020000 199.0517 160.9977 15.28460557 67586
LEMUR-2-VLADIMIR        
1 43746U 18096AD  20046.42551383  .00001574  00000-0  59146-4 0  9997
2 43746  97.4357 121.5747 0020174 197.3513 162.7040 15.28532580 67698
LEMUR-2-CHRISTINAHOLT   
1 43882U 18111G   20045.69037959  .00000858  00000-0  80053-4 0  9997
2 43882  97.7123 315.5250 0010303 302.0581  57.9640 14.96766553 59998
LEMUR-2-TINYKEV         
1 43883U 18111H   20046.47796181  .00000423  00000-0  41990-4 0  9999
2 43883  97.7119 316.3463 0010556 298.6299  61.3860 14.96815030 60119
LEMUR-2-REMY-COLTON     
1 43884U 18111J   20046.47053674  .00000274  00000-0  28911-4 0  9995
2 43884  97.7127 316.3801 0010573 299.3145  60.7020 14.96890963 60111
LEMUR-2-GUSTAVO         
1 43885U 18111K   20046.46468150  .00000011  00000-0  60571-5 0  9992
2 43885  97.7126 316.3902 0010513 298.5009  61.5153 14.96850856 60110
LEMUR-2-ZO              
1 43886U 18111L   20046.50834160  .00000426  00000-0  42139-4 0  9995
2 43886  97.7140 316.5107 0009984 298.9392  61.0828 14.96945508 60129
LEMUR-2-NATALIEMURRAY   
1 43887U 18111M   20045.87540832  .00000349  00000-0  35330-4 0  9994
2 43887  97.7130 315.9588 0010441 297.7992  62.2171 14.97055138 62036
LEMUR-2-SARAHBETTYBOO   
1 43888U 18111N   20045.79261528 -.00000183  00000-0 -10830-4 0  9994
2 43888  97.7144 315.9528 0010507 298.3171  61.6990 14.97109022 62028
LEMUR-2-DAISY-HARPER    
1 43889U 18111P   20046.50910061  .00000442  00000-0  43246-4 0  9991
2 43889  97.7149 316.7002 0009968 296.4322  63.5877 14.97193902 62122
LEMUR-2-JOHANLORAN      
1 44084U 19018G   20046.13521041  .00001617  00000-0  72619-4 0  9992
2 44084  97.4272 108.5284 0012113 237.2768 122.7301 15.22546617 48630
LEMUR-2-BEAUDACIOUS     
1 44085U 19018H   20045.80418600  .00001584  00000-0  71245-4 0  9999
2 44085  97.4272 108.2082 0012058 239.4083 120.5964 15.22530612 48589
LEMUR-2-ELHAM           
1 44086U 19018J   20046.17498207  .00001853  00000-0  82296-4 0  9999
2 44086  97.4280 108.6491 0012180 238.3112 121.6938 15.22750583 48645
LEMUR-2-VICTOR-ANDREW   
1 44087U 19018K   20045.90391987  .00001803  00000-0  80096-4 0  9998
2 44087  97.4280 108.3990 0012000 240.1124 119.8921 15.22781865 48617
LEMUR-2-LILLYJO         
1 44396U 19038L   20046.43823113  .00001284  00000-0  77449-4 0  9994
2 44396  97.5183   9.3946 0024408 186.8990 173.1908 15.12318056 33985
LEMUR-2-WANLI           
1 44402U 19038S   20046.18337944  .00001261  00000-0  76232-4 0  9990
2 44402  97.5190   9.1386 0024480 188.1267 171.9571 15.12253334 33955
LEMUR-2-MORAG           
1 44403U 19038T   20046.18134615  .00001347  00000-0  81172-4 0  9995
2 44403  97.5222   9.2234 0023166 191.3636 168.7075 15.12279401 33957
LEMUR-2-DUSTINTHEWIND   
1 44405U 19038V   20045.90260748  .00001340  00000-0  80483-4 0  9990
2 44405  97.5178   8.8652 0024344 188.5087 171.5735 15.12384075 33910
LEMUR-2-ALEX-MADDY      
1 44407U 19038X   20045.85566939  .00000898  00000-0  55552-4 0  9993
2 44407  97.5223   8.8851 0023189 192.8866 167.1775 15.12166201 33894
LEMUR-2-EJATTA          
1 44409U 19038Z   20046.15291207  .00001271  00000-0  76297-4 0  9997
2 44409  97.5175   9.1323 0024249 187.2218 172.8667 15.12500168 33951
LEMUR-2-GREGROBINSON    
1 44411U 19038AB  20045.86141836  .00001196  00000-0  72623-4 0  9994
2 44411  97.5232   8.9075 0023247 193.3353 166.7266 15.12220102 33576
LEMUR-2-YNDRD           
1 44413U 19038AD  20045.84669279  .00000726  00000-0  45582-4 0  9992
2 44413  97.5215   8.8775 0023042 192.6018 167.4639 15.12201110 33905
LEMUR-2-JPGSQUARED      
1 44855U 19089D   20046.47686931  .00000696  00000-0  63207-4 0  9992
2 44855  36.9687 105.2250 0004894 138.7906 221.3206 14.98730925  9891
LEMUR-2-HIMOMANDDAD     
1 44860U 19089J   20046.54912438  .00000632  00000-0  58176-4 0  9999
2 44860  36.9681 104.8758 0005121 132.4312 227.6859 14.98598215  9904
LEMUR-2-PAPPY           
1 44861U 19089K   20046.48035898  .00000652  00000-0  59718-4 0  9994
2 44861  36.9674 105.2508 0005069 134.1983 225.9172 14.98647168  9832
