YINHE-1                 
1 45024U 20004A   20046.52686772  .00000027  00000-0  00000+0 0  9994
2 45024  86.3925  71.1410 0014184 149.6687 210.5359 14.80050262  4482
GSAT-30                 
1 45026U 20005A   20046.46626670 -.00000179  00000-0  00000+0 0  9990
2 45026   0.1146 270.4987 0003822   6.3989 118.8627  1.00271696   339
EUTELSAT KONNECT        
1 45027U 20005B   20044.68142884 -.00000421  00000-0  00000+0 0  9993
2 45027   6.1169 250.8960 6828537 191.0951 309.5281  2.01653545   591
ARIANE 5 DEB [SYLDA]    
1 45028U 20005C   20045.47991541  .00004789  00000-0  12941-2 0  9994
2 45028   5.9325 242.9694 7279272 201.7310  95.1747  2.28524248   641
ARIANE 5 R/B            
1 45029U 20005D   20045.69164932  .00002655  00000-0  27705-3 0  9990
2 45029   5.6291 244.3109 7282442 200.3427  99.4584  2.30241664   664
STPSAT-4                
1 45043U 98067QY  20046.00372834  .00001707  00000-0  38840-4 0  9997
2 45043  51.6461 237.9549 0005077 269.0481  90.9921 15.49250037  2681
STARLINK-1132           
1 45044U 20006A   20045.91668981  .00611331  15506-3  20408-2 0  9995
2 45044  52.9969 153.3062 0006771 281.8948 300.6857 15.89627496  2941
STARLINK-1120           
1 45045U 20006B   20045.91668981  .00311451  00000-0  29720-2 0  9992
2 45045  52.9979 154.9492 0001262  50.8889 100.5488 15.65245395  2928
STARLINK-1129           
1 45046U 20006C   20045.91668981  .00535571  00000-0  54288-2 0  9991
2 45046  52.9979 155.0374 0001214  55.7526  33.4353 15.62982324  2921
STARLINK-1131           
1 45047U 20006D   20045.91668981  .00195890  00000-0  19049-2 0  9994
2 45047  52.9981 154.9371 0001297  48.3760  96.5644 15.65155793  2927
STARLINK-1134           
1 45048U 20006E   20045.91668981  .00624527  00000-0  62956-2 0  9994
2 45048  52.9978 155.0486 0001230  54.8375  28.8433 15.62833646  2925
STARLINK-1135           
1 45049U 20006F   20045.91668981  .01345252  00000-0  13316-1 0  9996
2 45049  52.9980 155.0669 0001346  49.1797  26.8513 15.62644987  2920
STARLINK-1140           
1 45050U 20006G   20045.91668981  .00869108  00000-0  87541-2 0  9990
2 45050  52.9978 155.0957 0001291  53.8717   8.9136 15.62480725  2922
STARLINK-1141           
1 45051U 20006H   20045.91668981  .00739161  00000-0  74068-2 0  9996
2 45051  52.9976 155.0768 0001377  47.1465  22.2928 15.62613244  2924
STARLINK-1148           
1 45052U 20006J   20045.91668981  .00584677  00000-0  60497-2 0  9998
2 45052  52.9976 155.1169 0001229  59.9178 349.5720 15.62291636  2921
STARLINK-1155           
1 45053U 20006K   20045.91668981  .00537474  00000-0  48835-2 0  9994
2 45053  52.9975 154.8979 0001424  48.0771 134.9483 15.65753286  2920
STARLINK-1156           
1 45054U 20006L   20045.91668981  .00733878  00000-0  74238-2 0  9997
2 45054  52.9976 155.1037 0001304  53.6283   2.5766 15.62385764  2921
STARLINK-1157           
1 45055U 20006M   20045.91668981  .00852481  00000-0  74829-2 0  9996
2 45055  52.9966 154.8481 0001632  43.6643 158.5579 15.66028843  2923
STARLINK-1158           
1 45056U 20006N   20045.91668981  .00640304  00000-0  66103-2 0  9992
2 45056  52.9976 155.1341 0001278  57.8415 345.1699 15.62167198  2924
STARLINK-1159           
1 45057U 20006P   20045.91668981  .00810463  00000-0  71747-2 0  9998
2 45057  52.9967 154.8626 0001594  43.9439 151.8585 15.65928364  2929
STARLINK-1162           
1 45058U 20006Q   20045.91668981  .00129997  00000-0  12216-2 0  9990
2 45058  52.9961 154.8352 0001388  53.9622 153.8461 15.66250678  2928
STARLINK-1165           
1 45059U 20006R   20045.91668981  .00473192  00000-0  43697-2 0  9997
2 45059  52.9979 154.9212 0001321  50.5642 119.4379 15.65550273  2925
STARLINK-1166           
1 45060U 20006S   20045.91668981  .00062276  00000-0  60546-3 0  9999
2 45060  52.9979 154.9077 0001295  52.7789 123.5826 15.65724511  2923
STARLINK-1169           
1 45061U 20006T   20045.91668981  .00463804  00000-0  43063-2 0  9996
2 45061  52.9982 154.9391 0001359  47.0529 116.6188 15.65444015  2929
STARLINK-1171           
1 45062U 20006U   20045.91668981  .00477431  00000-0  43500-2 0  9994
2 45062  52.9979 154.8830 0001449  47.5121 141.5165 15.65874057  2921
STARLINK-1178           
1 45063U 20006V   20045.91668981  .00158605  00000-0  15365-2 0  9992
2 45063  52.9980 154.9473 0001263  51.5907 105.7580 15.65382765  2922
STARLINK-1133           
1 45064U 20006W   20045.91668981  .00154001  00000-0  10813-2 0  9992
2 45064  52.9968 154.2907 0001265  47.5885  47.1357 15.73202859  2943
STARLINK-1139           
1 45065U 20006X   20045.91668981  .00156789  00000-0  11001-2 0  9998
2 45065  52.9966 154.2890 0001152  46.2260  49.4012 15.73209915  2944
STARLINK-1145           
1 45066U 20006Y   20045.91668981  .00018882  00000-0  13846-3 0  9990
2 45066  52.9968 154.3008 0001210  48.7175  40.8765 15.73227260  2949
STARLINK-1150           
1 45067U 20006Z   20045.91668981  .00454004  88468-4  15004-2 0  9996
2 45067  52.9966 153.3312 0006186 281.8591 288.2538 15.89853753  2950
STARLINK-1161           
1 45068U 20006AA  20045.91668981  .00051276  00000-0  36707-3 0  9997
2 45068  52.9968 154.2995 0001158  47.6305  42.8443 15.73224587  1784
STARLINK-1163           
1 45069U 20006AB  20045.91668981  .00256710  35132-4  85205-3 0  9993
2 45069  52.9969 153.3404 0005648 279.6337 285.9463 15.89875116  2950
STARLINK-1164           
1 45070U 20006AC  20045.91668981  .00060776  00000-0  43326-3 0  9990
2 45070  52.9964 154.3073 0001212  53.0809  33.1424 15.73252217  2944
STARLINK-1167           
1 45071U 20006AD  20045.91668981  .00047315  11934-4  16146-3 0  9997
2 45071  52.9969 153.3793 0006615 281.1665 265.5653 15.90446928  2953
STARLINK-1168           
1 45072U 20006AE  20045.91668981  .00224499  00000-0  15625-2 0  9996
2 45072  52.9969 154.3097 0001219  57.3648  28.0072 15.73181184  1789
STARLINK-1170           
1 45073U 20006AF  20045.91668981  .00201576  25863-4  66672-3 0  9995
2 45073  52.9974 153.6355 0009006 311.0495 101.4991 15.89969440  2948
STARLINK-1172           
1 45074U 20006AG  20045.91668981  .00035995  00000-0  25961-3 0  9994
2 45074  52.9970 154.3029 0001004  37.9923  50.7983 15.73210898  2947
STARLINK-1174           
1 45075U 20006AH  20045.91668981  .00020475  00000-0  14974-3 0  9994
2 45075  52.9967 154.2870 0001308  54.1921  42.2831 15.73227074  2945
STARLINK-1180           
1 45076U 20006AJ  20045.91668981  .00262594  00000-0  18183-2 0  9990
2 45076  52.9971 154.2841 0001859 302.3567 155.7624 15.73184464  2949
STARLINK-1182           
1 45077U 20006AK  20045.91668981  .00267751  00000-0  18534-2 0  9991
2 45077  52.9970 154.3068 0001489  61.1955  25.8644 15.73176684  2945
STARLINK-1177           
1 45078U 20006AL  20045.91668981  .00218752  28543-4  71944-3 0  9990
2 45078  52.9969 153.3637 0003708 282.6942 271.7466 15.90115769  2600
STARLINK-1149           
1 45079U 20006AM  20045.91668981  .03491975  14826-1  12113-1 0  9991
2 45079  52.9921 153.3089 0009997 303.2945 265.9377 15.92403826  2601
STARLINK-1153           
1 45080U 20006AN  20045.91668981  .00302368  00000-0  20827-2 0  9997
2 45080  52.9968 154.2823 0001294  45.8644  53.1160 15.73188547  2591
STARLINK-1151           
1 45081U 20006AP  20045.91668981  .00040147  00000-0  28839-3 0  9994
2 45081  52.9973 154.2932 0000827  34.0072  59.8933 15.73252638  2948
STARLINK-1160           
1 45082U 20006AQ  20045.91668981  .00023581  00000-0  17174-3 0  9998
2 45082  52.9968 154.2976 0001118  42.7168  48.5879 15.73225333  2943
STARLINK-1190           
1 45083U 20006AR  20045.91668981 -.00140059  00000-0 -14117-2 0  9994
2 45083  52.9981 154.9646 0004848 277.8396 220.3992 15.65097567  2928
STARLINK-1173           
1 45084U 20006AS  20045.91668981  .00559371  00000-0  17285-2 0  9993
2 45084  52.9971 153.3545 0003249 287.9134 270.8092 15.89826262  3060
STARLINK-1179           
1 45085U 20006AT  20045.91668981  .00120358  16971-4  28511-3 0  9996
2 45085  52.9965 153.1461 0009440 358.5658 288.9406 15.96496577  2950
STARLINK-1181           
1 45086U 20006AU  20045.91668981  .00341768  00000-0  23431-2 0  9994
2 45086  52.9975 154.3168 0001593  59.2235  22.7586 15.73181528  2940
STARLINK-1185           
1 45087U 20006AV  20045.91668981  .00053474  00000-0  38240-3 0  9994
2 45087  52.9970 154.3270 0001272  62.0073  14.8596 15.73231606  3044
STARLINK-1183           
1 45088U 20006AW  20045.91668981  .00226313  00000-0  15743-2 0  9991
2 45088  52.9973 154.3153 0001277  53.6671  29.1404 15.73187783  2595
STARLINK-1136           
1 45089U 20006AX  20045.91668981 -.00006374  11049-4 -91219-5 0  9991
2 45089  52.9969 153.4210 0006264 282.2284 244.5948 15.90517357  2607
STARLINK-1176           
1 45090U 20006AY  20045.91668981  .00059091  12658-4  14440-3 0  9991
2 45090  52.9964 153.1506 0009373 357.9729 287.3021 15.96462235  2604
STARLINK-1127           
1 45091U 20006AZ  20045.91668981  .00120887  00000-0  85365-3 0  9992
2 45091  52.9972 154.3410 0001302  53.7501  16.2979 15.73187909  2949
STARLINK-1137           
1 45092U 20006BA  20045.91668981 -.00011112  00000-0 -74754-4 0  9996
2 45092  52.9970 154.3374 0001170  47.1331  24.5969 15.73225920  2945
STARLINK-1142           
1 45093U 20006BB  20045.91668981  .00098926  00000-0  70135-3 0  9991
2 45093  52.9972 154.3387 0001254  45.9802  24.9101 15.73182835  2943
STARLINK-1146           
1 45094U 20006BC  20045.91668981  .00076008  00000-0  54077-3 0  9996
2 45094  52.9973 154.3322 0001806 303.8078 130.4368 15.73207750  1781
STARLINK-1147           
1 45095U 20006BD  20045.91668981  .00431083  00000-0  29247-2 0  9995
2 45095  52.9971 154.3308 0000808  16.3634  58.7765 15.73163409  2943
STARLINK-1152           
1 45096U 20006BE  20045.91668981  .00187022  00000-0  13080-2 0  9995
2 45096  52.9974 154.3348 0000978   0.7694  72.6119 15.73185706  1785
STARLINK-1175           
1 45097U 20006BF  20045.91668981  .00370732  00000-0  25340-2 0  9990
2 45097  52.9970 154.3284 0001121  32.0546  43.9322 15.73166608  3055
STARLINK-1184           
1 45098U 20006BG  20045.91668981  .00065875  00000-0  46997-3 0  9992
2 45098  52.9970 154.3421 0001706  65.0463   4.1080 15.73200943  1141
STARLINK-1186           
1 45099U 20006BH  20045.91668981  .00315946  00000-0  21729-2 0  9995
2 45099  52.9967 154.3247 0001029  51.1949  26.5630 15.73183685  2948
STARLINK-1193           
1 45100U 20006BJ  20045.91668981  .00061948  00000-0  44198-3 0  9994
2 45100  52.9974 154.3447 0001316  55.4079  12.8520 15.73224720  2943
STARLINK-1194           
1 45101U 20006BK  20045.91668981 -.00006596  00000-0 -42535-4 0  9999
2 45101  52.9972 154.3452 0001480  54.8607  12.6654 15.73232624  2948
STARLINK-1195           
1 45102U 20006BL  20045.91668981  .00162740  00000-0  11414-2 0  9992
2 45102  52.9973 154.3354 0000972  24.7024  47.9004 15.73199206  2943
STARLINK-1196           
1 45103U 20006BM  20045.91668981  .00018152  00000-0  13319-3 0  9997
2 45103  52.9969 154.3216 0000985 334.8273 104.5705 15.73245165  2945
FALCON 9 DEB            
1 45104U 20006BN  20045.85076537  .00100744  15502-4  20360-3 0  9991
2 45104  52.9979 153.2811 0013679  22.7065 337.4566 15.99336689  2607
FALCON 9 DEB            
1 45105U 20006BP  20045.84814596  .00092229  14849-4  18485-3 0  9992
2 45105  52.9981 153.2651 0014961  29.8385 330.3494 15.99499962  2607
FALCON 9 DEB            
1 45106U 20006BQ  20045.83807418  .00103605  15854-4  19456-3 0  9994
2 45106  52.9979 153.2001 0011459  38.8296 321.3554 16.00654360  2609
FALCON 9 DEB            
1 45107U 20006BR  20045.83358914  .00119256  17368-4  21388-3 0  9995
2 45107  52.9979 153.1714 0013614  45.6661 314.5482 16.01313356  2609
2019-071C               
1 45113U 19071C   20045.89465657  .00000957  00000-0  41369-4 0  9991
2 45113  51.6433 240.2102 0012804 335.3152  24.7216 15.32857395  2176
AEROCUBE 14A            
1 45114U 19071D   20046.54622004  .00001253  00000-0  50444-4 0  9990
2 45114  51.6426 237.0597 0011738 340.3825  19.6703 15.32906844  2278
AEROCUBE 14B            
1 45115U 19071E   20046.54634410  .00005963  00000-0  19558-3 0  9997
2 45115  51.6410 237.0614 0012720 338.2719  21.7722 15.32963131  2257
AEROCUBE 15B            
1 45116U 19071F   20046.02468743  .00001118  00000-0  46279-4 0  9994
2 45116  51.6427 239.5778 0011244 340.0435  20.0105 15.32894538  2228
AEROCUBE 15A            
1 45117U 19071G   20046.08773373  .00001227  00000-0  49313-4 0  9992
2 45117  51.6428 239.2494 0010874 335.4377  24.6085 15.33129096  2197
2019-071H               
1 45118U 19071H   20045.89197208  .00001215  00000-0  48921-4 0  9999
2 45118  51.6427 240.1923 0011212 333.2823  26.7580 15.33158426  2163
HUSKYSAT-1              
1 45119U 19071J   20045.89227361  .00000906  00000-0  39489-4 0  9999
2 45119  51.6430 240.1947 0012034 331.5528  28.4796 15.33117140  2166
2019-071K               
1 45120U 19071K   20045.89128954  .00002002  00000-0  72965-4 0  9994
2 45120  51.6414 240.1886 0011546 331.3277  28.7069 15.33203499  2055
2019-071L               
1 45121U 19071L   20045.89095591  .00001503  00000-0  57596-4 0  9993
2 45121  51.6431 240.1865 0011407 331.1436  28.8913 15.33244638  2052
2019-071M               
1 45122U 19071M   20045.89174437  .00001927  00000-0  70788-4 0  9999
2 45122  51.6415 240.1917 0009939 300.6279  59.3722 15.33138749  2058
2019-071N               
1 45123U 19071N   20045.89120933  .00000864  00000-0  38105-4 0  9998
2 45123  51.6430 240.1882 0009945 302.8109  57.1914 15.33188676  1748
2019-071P               
1 45124U 19071P   20045.95665861  .00001896  00000-0  69772-4 0  9990
2 45124  51.6417 239.8754 0009934 301.7256  58.2757 15.33168736  2064
2019-071Q               
1 45125U 19071Q   20045.89152762  .00000589  00000-0  29709-4 0  9999
2 45125  51.6430 240.1903 0010061 301.9982  58.0022 15.33147694  2043
2019-071R               
1 45126U 19071R   20045.89068212  .00000835  00000-0  37148-4 0  9996
2 45126  51.6432 240.1851 0010364 304.2652  55.7347 15.33256745  2068
ONEWEB A                
1 45131U 20008A   20046.48222549  .00002006  00000-0  50903-4 0  9991
2 45131  87.4006 161.6173 0015368 260.2470  99.7049 15.38863648  2080
ONEWEB B                
1 45132U 20008B   20046.37543073  .00003358  00000-0  98519-4 0  9994
2 45132  87.4053 161.6790 0018874 275.8694  84.0406 15.34591595  2060
ONEWEB C                
1 45133U 20008C   20046.35831167 -.00000676  00000-0 -19426-4 0  9999
2 45133  87.4050 161.6696 0019232 271.2243  88.6807 15.37714146  2069
ONEWEB D                
1 45134U 20008D   20046.48296742 -.00000871  00000-0 -23922-4 0  9991
2 45134  87.4032 161.6174 0015896 260.8451  99.1005 15.38724764  2186
ONEWEB E                
1 45135U 20008E   20045.84423532  .00002304  00000-0  63404-4 0  9990
2 45135  87.4018 161.8526 0015792 286.7802  73.1719 15.36452773  1961
ONEWEB F                
1 45136U 20008F   20045.85045016  .00002215  00000-0  63276-4 0  9997
2 45136  87.4012 161.8577 0017700 273.6780  86.2448 15.35232584  1221
ONEWEB G                
1 45137U 20008G   20046.43104470  .00000994  00000-0  26759-4 0  9990
2 45137  87.4051 161.6485 0015185 282.1293  77.8258 15.36332325  2052
ONEWEB H                
1 45138U 20008H   20046.44265117  .00003068  00000-0  90978-4 0  9997
2 45138  87.4033 161.6543 0019192 283.6287  76.2828 15.34215437  2046
ONEWEB J                
1 45139U 20008J   20046.35758097 -.00000504  00000-0 -14713-4 0  9999
2 45139  87.4009 161.6628 0018967 269.7672  90.1409 15.37851382  2202
ONEWEB K                
1 45140U 20008K   20046.42202435  .00001322  00000-0  34046-4 0  9997
2 45140  87.4037 161.6439 0018964 267.6684  92.2399 15.37974088  1313
ONEWEB L                
1 45141U 20008L   20046.55824873  .00004386  00000-0  11995-3 0  9998
2 45141  87.4028 161.6006 0018113 281.4874  78.4345 15.36893131  2186
ONEWEB M                
1 45142U 20008M   20045.85797481  .00002018  00000-0  60368-4 0  9994
2 45142  87.4029 161.8613 0016804 286.6245  73.3162 15.33753117  1229
ONEWEB N                
1 45143U 20008N   20046.37471067  .00010430  00000-0  30671-3 0  9992
2 45143  87.4014 161.6721 0018961 276.2526  83.6567 15.34773303  2173
ONEWEB P                
1 45144U 20008P   20046.36230322  .00006217  00000-0  16977-3 0  9990
2 45144  87.4034 161.6657 0018052 280.7427  79.1794 15.37023710  2158
ONEWEB Q                
1 45145U 20008Q   20046.11179436  .00003751  00000-0  10848-3 0  9993
2 45145  87.4046 161.7663 0018102 273.0527  86.8654 15.35099797  2035
ONEWEB R                
1 45146U 20008R   20046.43291664  .00002246  00000-0  62715-4 0  9996
2 45146  87.4032 161.6473 0014996 277.0466  82.9081 15.36004301  2086
ONEWEB S                
1 45147U 20008S   20046.37944065 -.00000248  00000-0 -89009-5 0  9998
2 45147  87.4037 161.6774 0016414 283.9516  75.9910 15.33825339  2076
ONEWEB T                
1 45148U 20008T   20046.10663890  .00004896  00000-0  13777-3 0  9992
2 45148  87.4037 161.7629 0014588 282.4772  77.4849 15.36098375  2023
ONEWEB U                
1 45149U 20008U   20046.12084357  .00001605  00000-0  48349-4 0  9999
2 45149  87.4047 161.7721 0015618 281.5014  78.4484 15.33383887  2020
ONEWEB V                
1 45150U 20008V   20046.10603824  .00002083  00000-0  57653-4 0  9994
2 45150  87.4007 161.7597 0015057 283.2602  76.6972 15.36223073  2023
ONEWEB W                
1 45151U 20008W   20046.38120200  .00016125  00000-0  49351-3 0  9994
2 45151  87.4016 161.6766 0015591 281.0798  78.8700 15.33595469  2061
ONEWEB X                
1 45152U 20008X   20046.30328236  .00002307  00000-0  64696-4 0  9993
2 45152  87.4045 161.6979 0015099 275.2696  84.6834 15.35884481  2065
ONEWEB Y                
1 45153U 20008Y   20046.44576273 -.00000103  00000-0 -44868-5 0  9999
2 45153  87.4060 161.6583 0016628 283.1485  76.7911 15.33656615  2058
ONEWEB Z                
1 45154U 20008Z   20046.11331551  .00003489  00000-0  10162-3 0  9998
2 45154  87.4039 161.7682 0019405 275.7092  84.1947 15.34828818  2029
ONEWEB AA               
1 45155U 20008AA  20046.42400152  .00003637  00000-0  96873-4 0  9996
2 45155  87.4022 161.6425 0019245 272.2199  87.6851 15.37616807  2082
ONEWEB AB               
1 45156U 20008AB  20046.44334451  .00002982  00000-0  88770-4 0  9996
2 45156  87.4041 161.6526 0018534 283.0805  76.8378 15.34090224  2057
ONEWEB AC               
1 45157U 20008AC  20046.44405744 -.00011293  00000-0 -34569-3 0  9994
2 45157  87.4028 161.6562 0017424 286.4661  73.4675 15.33876205  2050
ONEWEB AD               
1 45158U 20008AD  20045.85167563  .00002146  00000-0  61703-4 0  9999
2 45158  87.4023 161.8584 0018713 274.5493  85.3622 15.34991068  1223
ONEWEB AE               
1 45159U 20008AE  20046.43423835  .00002377  00000-0  66947-4 0  9993
2 45159  87.4026 161.6459 0015467 273.4690  86.4794 15.35768152  2057
ONEWEB AF               
1 45160U 20008AF  20046.43639568  .00001923  00000-0  54581-4 0  9994
2 45160  87.4035 161.6506 0017190 270.4278  89.5004 15.35357929  2050
ONEWEB AG               
1 45161U 20008AG  20046.10315535  .00003787  00000-0  10387-3 0  9999
2 45161  87.4032 161.7599 0017538 283.9674  75.9629 15.36761872  2000
ONEWEB AH               
1 45162U 20008AH  20046.03611455  .00005413  00000-0  14724-3 0  9999
2 45162  87.4030 161.7831 0018617 281.4595  78.4567 15.37106799  1989
ONEWEB AJ               
1 45163U 20008AJ  20046.36971909  .00006570  00000-0  18779-3 0  9998
2 45163  87.4038 161.6733 0015262 270.5742  89.3762 15.35664092  2032
ONEWEB AK               
1 45164U 20008AK  20046.44129540  .00003528  00000-0  10397-3 0  9992
2 45164  87.4027 161.6520 0019083 277.8146  82.0940 15.34471451  2041
AEROCUBE 10C (PROBE)    
1 45174U 19022L   20045.90349616  .00030666  00000-0  10452-2 0  9999
2 45174  51.6413 267.5461 0010664 222.9424 137.2062 15.30057664   341
