DMSP 5D-2 F14 (USA 131) 
1 24753U 97012A   20046.13777925  .00000001  00000-0  23962-4 0  9990
2 24753  99.0284  61.2633 0008657 189.0931 171.0087 14.15884023181014
NOAA 15                 
1 25338U 98030A   20046.07894157 -.00000004  00000-0  16920-4 0  9991
2 25338  98.7298  71.6799 0009409 260.2865  99.7252 14.25951091131642
DMSP 5D-3 F15 (USA 147) 
1 25991U 99067A   20046.18106691 -.00000116  00000-0 -35515-4 0  9994
2 25991  98.9532  16.7080 0010838  90.6717 330.0924 14.16496977 42995
METEOSAT-8 (MSG-1)      
1 27509U 02040B   20045.68865455  .00000123  00000-0  00000-0 0  9993
2 27509   6.5091  54.6222 0001184 283.2088  95.7081  1.00278356 64059
DMSP 5D-3 F16 (USA 172) 
1 28054U 03048A   20045.93908355 -.00000110  00000-0 -34668-4 0  9992
2 28054  98.8976  25.5080 0006888 207.5851 210.6204 14.13667768842330
NOAA 18                 
1 28654U 05018A   20046.12172791  .00000045  00000-0  49045-4 0  9996
2 28654  99.0627 101.2970 0013867 215.2321 144.7935 14.12488660759599
METEOSAT-9 (MSG-2)      
1 28912U 05049B   20046.31715951  .00000003  00000-0  00000+0 0  9996
2 28912   4.1652  70.6059 0000541  18.9422 172.8874  1.00265910 51877
HIMAWARI-7 (MTSAT-2)    
1 28937U 06004A   20045.70813187 -.00000256  00000-0  00000-0 0  9999
2 28937   0.0658 261.5607 0002391  42.1748 240.3619  1.00274871 51289
FORMOSAT-3 FM6          
1 29047U 06011A   20046.31828782  .00000078  00000-0  46842-4 0  9994
2 29047  71.9802   1.3089 0052730 273.7128  85.7979 14.28715761723749
FORMOSAT-3 FM1          
1 29048U 06011B   20046.12419531  .00000041  00000-0  32623-4 0  9994
2 29048  71.9652 272.7644 0045375 233.4137 126.2821 14.28679576726196
FORMOSAT-3 FM5          
1 29049U 06011C   20045.85204148  .00000035  00000-0  30262-4 0  9990
2 29049  72.0197  84.2643 0037304 261.1282  98.5631 14.28762233721941
FORMOSAT-3 FM3          
1 29050U 06011D   20045.92401518  .00000094  00000-0  30073-4 0  9995
2 29050  72.0136 242.8331 0050433 191.3280 168.6742 14.58878052738313
FORMOSAT-3 FM4          
1 29051U 06011E   20045.85488816  .00000047  00000-0  33949-4 0  9997
2 29051  72.0072 346.5475 0067090 140.1247 220.4847 14.28790400724535
FORMOSAT-3 FM2          
1 29052U 06011F   20046.49334311  .00000023  00000-0  25064-4 0  9992
2 29052  72.0338  59.0853 0041818 221.6605 138.1344 14.28894311722957
GOES 13                 
1 29155U 06018A   20046.22410550  .00000055  00000-0  00000+0 0  9997
2 29155   0.3915  93.8858 0007755 182.5581  12.4715  0.99969504 50306
METOP-A                 
1 29499U 06044A   20046.11435222 -.00000021  00000-0  97079-5 0  9990
2 29499  98.5417  97.0199 0000626 114.6320 299.3326 14.21490607691368
DMSP 5D-3 F17 (USA 191) 
1 29522U 06050A   20046.08031429 -.00000005  00000-0  20350-4 0  9990
2 29522  98.8095  64.2867 0010334 162.9450 197.2072 14.14015575685293
FENGYUN 3A              
1 32958U 08026A   20046.20547058  .00000002  00000-0  20458-4 0  9991
2 32958  98.3968  38.3876 0008308 342.0761  18.0121 14.18618377607359
FENGYUN 2E              
1 33463U 08066A   20045.97866601 -.00000217  00000-0  00000-0 0  9994
2 33463   4.0852  68.8541 0004302 293.6810 220.6868  1.00276752 40882
NOAA 19                 
1 33591U 09005A   20046.11725863 -.00000013  00000-0  18075-4 0  9990
2 33591  99.1949  48.2585 0014838  63.5220 296.7471 14.12395527567988
GOES 14                 
1 35491U 09033A   20046.06110234 -.00000108  00000-0  00000+0 0  9995
2 35491   0.0267  99.8483 0009896 135.7345 186.7675  1.00271886 38958
METEOR-M 1              
1 35865U 09049A   20046.47244781  .00000023  00000-0  29026-4 0  9996
2 35865  98.4294  38.8018 0002386 161.8095 198.3169 14.22226610540431
DMSP 5D-3 F18 (USA 210) 
1 35951U 09057A   20045.85126260  .00000051  00000-0  49734-4 0  9992
2 35951  98.6369  39.9495 0011209   7.3000 352.8334 14.13246771306225
GOES 15                 
1 36411U 10008A   20046.43104917  .00000042  00000-0  00000+0 0  9990
2 36411   0.4031 276.6521 0001300 113.6466 141.3791  1.00267556 36462
COMS 1                  
1 36744U 10032A   20045.68152875 -.00000358  00000-0  00000+0 0  9999
2 36744   0.0203 147.8372 0000899 199.8640 169.9318  1.00272435 35443
FENGYUN 3B              
1 37214U 10059A   20046.46434611 -.00000013  00000-0  16651-4 0  9991
2 37214  99.0323  26.3877 0015945 255.9188 104.0213 14.15938831480275
SUOMI NPP               
1 37849U 11061A   20046.11480638  .00000003  00000-0  22143-4 0  9992
2 37849  98.7261 345.7649 0000746  93.1793 277.5556 14.19543195430122
FENGYUN 2F              
1 38049U 12002A   20046.46715772 -.00000372  00000-0  00000+0 0  9992
2 38049   1.7808  83.5040 0002533  12.5610 329.1663  1.00267912 29681
METEOSAT-10 (MSG-3)     
1 38552U 12035B   20045.65788781  .00000051  00000-0  00000-0 0  9991
2 38552   1.0060   0.1366 0000416 347.9639  42.4223  1.00274734 27688
METOP-B                 
1 38771U 12049A   20045.93898149 -.00000023  00000-0  93273-5 0  9999
2 38771  98.7100 107.0284 0001423  53.7943 275.5340 14.21485720384472
FENGYUN 3C              
1 39260U 13052A   20046.44941806 -.00000022  00000-0  10220-4 0  9993
2 39260  98.5699 101.6408 0010729 204.1302 155.9371 14.15831920331214
METEOR-M 2              
1 40069U 14037A   20046.43314769 -.00000002  00000-0  18584-4 0  9996
2 40069  98.5206  88.5166 0004495 282.5295  77.5385 14.20670324290746
HIMAWARI-8              
1 40267U 14060A   20046.45535229 -.00000290  00000-0  00000+0 0  9998
2 40267   0.0285 190.9401 0001057 144.4255 114.0981  1.00273651 19669
FENGYUN 2G              
1 40367U 14090A   20045.78431200 -.00000316  00000-0  00000-0 0  9991
2 40367   1.7907  96.4734 0002913 321.9896 107.6212  1.00277452 18839
METEOSAT-11 (MSG-4)     
1 40732U 15034A   20045.99077156 -.00000014  00000-0  00000+0 0  9999
2 40732   0.5749 232.2047 0000748  22.4409 247.0592  1.00262185 16835
ELEKTRO-L 2             
1 41105U 15074A   20046.15605108 -.00000110  00000-0  00000+0 0  9998
2 41105   0.9085  99.4529 0001358 274.9629 262.2965  1.00272773 15310
HIMAWARI-9              
1 41836U 16064A   20046.45535229 -.00000290  00000-0  00000+0 0  9997
2 41836   0.0149  90.7309 0000742 268.9669  89.8703  1.00270964 12103
GOES 16                 
1 41866U 16071A   20045.85743595 -.00000262  00000-0  00000-0 0  9998
2 41866   0.0425  95.9723 0000826 285.2774 356.5271  1.00270876 11905
FENGYUN 4A              
1 41882U 16077A   20045.67690523 -.00000343  00000-0  00000-0 0  9994
2 41882   0.0641  69.8515 0004142  22.4619  40.0309  1.00264785 11770
CYGFM05                 
1 41884U 16078A   20045.56121436  .00000246  00000-0  14777-4 0  9998
2 41884  34.9567 109.4985 0015788  17.0672 343.0568 15.14549946175313
CYGFM04                 
1 41885U 16078B   20046.16638293  .00000235  00000-0  14013-4 0  9991
2 41885  34.9500  99.6011 0013988  31.5163 328.6384 15.15058799175460
CYGFM02                 
1 41886U 16078C   20045.56615508  .00000245  00000-0  14545-4 0  9990
2 41886  34.9591 104.9783 0014839  22.5223 337.6138 15.15059270175361
CYGFM01                 
1 41887U 16078D   20045.58048660  .00000239  00000-0  14510-4 0  9997
2 41887  34.9534 110.3249 0016236  18.2513 341.8778 15.14363751175306
CYGFM08                 
1 41888U 16078E   20045.86987154  .00000231  00000-0  13912-4 0  9996
2 41888  34.9506 104.8292 0015296  26.7761 333.3737 15.14776732175371
CYGFM06                 
1 41889U 16078F   20045.87400556  .00000249  00000-0  14749-4 0  9992
2 41889  34.9586 101.7518 0013748  25.0903 335.0474 15.15051059175418
CYGFM07                 
1 41890U 16078G   20046.18188890  .00000241  00000-0  14336-4 0  9997
2 41890  34.9525  98.9885 0013446  30.8601 329.2898 15.15051058175460
CYGFM03                 
1 41891U 16078H   20045.84744913  .00000229  00000-0  13699-4 0  9991
2 41891  34.9557 101.2774 0012978  26.5059 333.6314 15.15048027175418
FENGYUN 3D              
1 43010U 17072A   20046.45922264 -.00000036  00000-0  35431-5 0  9992
2 43010  98.7398 347.2681 0002562  74.3597 285.7859 14.19735865116747
NOAA 20                 
1 43013U 17073A   20045.86654153  .00000003  00000-0  22382-4 0  9992
2 43013  98.7460 345.6270 0001024  63.1167 297.0113 14.19539667116120
GOES 17                 
1 43226U 18022A   20045.59841088  .00000084  00000-0  00000-0 0  9996
2 43226   0.0184  80.2494 0000654 290.3552 211.6552  1.00272544  7206
FENGYUN 2H              
1 43491U 18050A   20046.10257780 -.00000143  00000-0  00000+0 0  9995
2 43491   0.9493 277.5688 0001313 233.1370 110.1241  1.00272994  6301
METOP-C                 
1 43689U 18087A   20039.22499351 -.00000044  00000-0  00000+0 0  9991
2 43689  98.7176 100.5988 0002301  37.5968 322.5297 14.21529557 65096
GEO-KOMPSAT-2A          
1 43823U 18100A   20045.81942244 -.00000358  00000-0  00000+0 0  9991
2 43823   0.0056 287.1002 0001176 120.6404 159.7678  1.00272411  4459
IOD-1 GEMS              
1 44385U 98067QK  20045.66650838  .00009957  00000-0  14475-3 0  9991
2 44385  51.6397 233.4950 0002871 216.4740 143.6056 15.56448918 35199
METEOR-M2 2             
1 44387U 19038A   20046.51659655 -.00000021  00000-0  98591-5 0  9992
2 44387  98.6034   9.1069 0000759 173.4486 186.6703 14.23676045 32045
