APRIZESAT 2             
1 28366U 04025A   20045.67709094 -.00000009  00000-0  10950-4 0  9998
2 28366  98.2805 301.5506 0108124  18.9868 341.5302 14.36695289819228
SAUDICOMSAT 1           
1 28369U 04025D   20045.85644162  .00000030  00000-0  18598-4 0  9994
2 28369  98.3236 357.4873 0032305 272.6352  87.1146 14.52533298827981
SAUDICOMSAT 2           
1 28370U 04025E   20045.80742910  .00000041  00000-0  23216-4 0  9996
2 28370  98.4182 354.0538 0059020  71.6947 289.0654 14.47466547825133
APRIZESAT 1             
1 28372U 04025G   20046.08623439  .00000013  00000-0  15356-4 0  9998
2 28372  98.3777 355.6485 0046380 357.7122   2.3852 14.49615511826518
NANOSAT-1               
1 28493U 04049B   20046.16842464  .00000019  00000-0  10801-4 0  9994
2 28493  98.1225 135.8071 0005560 129.6497 230.5202 14.73553468814209
SAUDICOMSAT 7           
1 31119U 07012C   20045.82808112  .00000021  00000-0  13894-4 0  9998
2 31119  98.0826 354.3529 0058811 245.3505 114.1564 14.61767414683996
SAUDICOMSAT 6           
1 31121U 07012E   20045.82445174  .00000039  00000-0  18324-4 0  9998
2 31121  98.1372 348.9967 0076022 331.4199  28.2842 14.58567589682508
SAUDICOMSAT 5           
1 31124U 07012H   20045.86410561  .00000047  00000-0  18193-4 0  9990
2 31124  98.0468 357.1454 0051087 200.5855 159.3290 14.63468898684805
SAUDICOMSAT 3           
1 31125U 07012J   20045.86419054  .00000072  00000-0  22005-4 0  9992
2 31125  98.0082   0.0462 0043753 157.1340 203.1825 14.65222566685577
SAUDICOMSAT 4           
1 31127U 07012L   20045.85519224  .00000037  00000-0  17498-4 0  9994
2 31127  98.1105 352.1223 0066788 286.1542  73.2314 14.60281751683351
APRIZESAT 4             
1 35684U 09041D   20045.92819712  .00000026  00000-0  11260-4 0  9992
2 35684  98.2602  21.2137 0046518 208.1160 151.7537 14.79252760568879
APRIZESAT 3             
1 35686U 09041F   20045.88451025  .00000025  00000-0  93776-5 0  9990
2 35686  98.2016  98.9094 0074241  90.9519 270.0203 14.87361883571710
AISSAT 1                
1 36797U 10035C   20045.46096913  .00000121  00000-0  20323-4 0  9998
2 36797  98.1515 191.0158 0012369  70.4148 289.8401 14.86267456519706
S-NET D                 
1 43186U 18014G   20045.83992712  .00000295  00000-0  30901-4 0  9991
2 43186  97.7021 315.6380 0009353 281.2756  78.7414 14.96755331111207
S-NET B                 
1 43187U 18014H   20045.97344861  .00000282  00000-0  29730-4 0  9997
2 43187  97.7019 315.7514 0009351 280.6643  79.3525 14.96755399111227
S-NET A                 
1 43188U 18014J   20045.70588653  .00000334  00000-0  34285-4 0  9997
2 43188  97.7022 315.5129 0009343 281.7977  78.2196 14.96754771111185
S-NET C                 
1 43189U 18014K   20045.90682111  .00000278  00000-0  29385-4 0  9996
2 43189  97.7019 315.6819 0009350 280.9511  79.0659 14.96754620109769
