UNKNOWN                 
1 81014U          20023.92522148  .00019573  00000+0  17851-2 0  9992
2 81014  51.3284 230.0612 2805399 228.6870 103.6492  9.64934727215455
UNKNOWN                 
1 81036U          20025.74986384  .00002006  00000+0  34985-2 0  9994
2 81036  66.0100 307.7727 2742231 322.3755  21.3162  9.12939915205239
UNKNOWN                 
1 81037U          20024.89892051  .00001103  00000+0  12204-3 0  9995
2 81037  62.2056  87.3734 0235129 189.9620 169.6759 14.75906467890000
UNKNOWN                 
1 81052U          20025.11334382 -.00000190  00000+0 -25519-4 0  9997
2 81052  65.7807 277.4187 0657333 255.7748  96.9478 13.60120437306641
UNKNOWN                 
1 81067U          20026.19628891  .00001215  00000+0  66796-3 0  9991
2 81067  99.1052 120.5098 0053597 287.2453  72.2857 14.12949431258627
UNKNOWN                 
1 81069U          20025.69014949  .00000872  00000+0  15149-2 0  9993
2 81069 100.3046 178.5685 0078979 213.9480 145.6581 13.45835223225888
UNKNOWN                 
1 81073U          20026.22964323 -.00003687  00000+0 -66512-2 0  9997
2 81073  61.7190  95.6179 4703071 155.6197 236.8800  5.82528847474740
UNKNOWN                 
1 81078U          20025.51744757  .00000423  00000+0  14020-1 0  9999
2 81078  65.1124  55.8148 0172015 112.3343  38.9964 11.21615514253612
UNKNOWN                 
1 81096U 83075    20014.03973377  .00001125  00000+0  94856-4 0  9997
2 81096  97.4156 317.5600 0197800 208.8315 150.1858 14.86243531285035
UNKNOWN                 
1 81111U          20026.12739382  .00068866  00000+0  16156-2 0  9991
2 81111  62.7586 339.3333 4801055 275.4248  33.7500  6.08291565124670
UNKNOWN                 
1 81114U          20026.09203826  .00015921  00000+0  37427-3 0  9998
2 81114  63.0191 270.0545 0021587  40.1780 320.0931 15.41959996302138
UNKNOWN                 
1 81122U          20020.02544183  .00000545  00000+0  25027-3 0  9997
2 81122  97.6306 114.6365 0286826 196.5568 162.6087 14.04852642271023
UNKNOWN                 
1 81123U 70025    20025.54833297  .00000022  00000-0  71051-4 0  9991
2 81123  99.9718 322.2617 0002049 197.6117 162.4961 13.77277818310273
UNKNOWN                 
1 81134U          20026.23953801  .00000152  00000+0  53850-3 0  9999
2 81134  90.3048 311.3596 0025689 247.9713 111.8676 12.92274981185193
UNKNOWN                 
1 81161U          20026.21693628  .00000236  00000+0  31604-3 0  9991
2 81161 100.4200  18.7720 0064848 293.2406  66.1918 13.71319771261513
UNKNOWN                 
1 81182U          20024.91574061  .00038410  00000+0  23769-2 0  9995
2 81182  51.3632 211.1688 1578413  37.2455 332.8011 12.19616792204642
UNKNOWN                 
1 81219U 81053    20024.13110574  .00000069  00000+0  51884-4 0  9992
2 81219  82.9286 176.3929 0022973 141.4852 218.7951 13.79530046310974
UNKNOWN                 
1 81221U          20024.01963083  .00000578  00000+0  29006-3 0  9991
2 81221  98.8328 316.0844 0117932  47.5041 313.6026 14.16822020219160
UNKNOWN                 
1 81228U          20026.12454102 -.00003081  00000+0 -13897-2 0  9993
2 81228  70.5327 294.6815 0094101 261.5121  97.5327 14.18957314320062
UNKNOWN                 
1 81241U          20025.22283843  .00000500  00000+0  26291-3 0  9994
2 81241  81.2268 209.4553 0037772 264.6595  95.0267 14.12369889170497
UNKNOWN                 
1 81247U 81053    20026.40353715  .00002960  00000+0  82041-3 0  9991
2 81247  83.2479 178.7335 0030720 137.2833 223.0760 14.46058351324781
UNKNOWN                 
1 81254U 70025    20026.12181514  .00002856  00000+0  22422-2 0  9991
2 81254 100.3752 154.3880 0074121 289.5582  69.7581 13.91650929313483
UNKNOWN                 
1 81264U          20025.41192240  .00000954  00000+0  20312-3 0  9991
2 81264  99.4240 265.6710 0106154   3.2246 356.9610 14.58485779295040
UNKNOWN                 
1 81279U          20025.82352838  .00000118  00000+0  65383-4 0  9993
2 81279  98.0972 246.1748 0224238 156.0986 205.0797 14.13538474158714
UNKNOWN                 
1 81301U          20025.69817615 -.00000047  00000+0  27608-4 0  9993
2 81301  66.7604  18.4443 0095859 237.4615 297.0958 13.75337970310865
UNKNOWN                 
1 81311U 90105    20025.55310976 -.00000022  00000-0  73796-5 0  9996
2 81311  98.6759 315.7399 0138883 177.8324 354.6726 14.52936977327402
UNKNOWN                 
1 81317U 80089    20026.26362767  .00000034  00000+0  16464-3 0  9994
2 81317  67.1353 219.8599 0212937  92.3891  78.9126 13.37050778301475
UNKNOWN                 
1 81323U          20025.21452412  .00000976  00000+0  22350-3 0  9993
2 81323  65.7791 340.5778 0510525 338.8235  19.2360 14.02136199809462
UNKNOWN                 
1 81329U          20026.24590330 -.00000262  00000+0 -58603-4 0  9996
2 81329  65.8278 309.3021 0884856 273.3642 253.8115 13.12580928333615
UNKNOWN                 
1 81338U          20025.83780116  .00013862  00000+0  86730-3 0  9992
2 81338  74.0249 333.7242 0021997 228.1737 131.7578 15.09231341239367
UNKNOWN                 
1 81342U          20024.54106172  .00000811  00000+0  50038-3 0  9990
2 81342  70.9001 120.9772 0165818 319.8596  39.0362 14.01854143315345
UNKNOWN                 
1 81343U          20024.87322469  .00000268  00000+0  28215-4 0  9995
2 81343  85.8774 242.3167 0009787 328.4007  31.6627 14.84889994134355
UNKNOWN                 
1 81357U          20026.22570681  .00001407  00000+0  14370-3 0  9994
2 81357  97.5362 311.6798 0204213 326.1740  32.6580 14.78026670216620
UNKNOWN                 
1 81358U          20015.15637605 -.00000030  00000+0  00000+0 0  9998
2 81358  62.6159  78.0525 0519867 131.1687 233.5199  9.82120117163379
UNKNOWN                 
1 81359U          20026.28588316  .00000287  00000+0  35710-3 0  9992
2 81359  66.8003 129.3364 0125320 345.3873  14.3586 13.74929201309978
UNKNOWN                 
1 81361U          20025.71585939  .00035147  00000+0  10978-2 0  9991
2 81361  98.4617 202.7530 0011166 334.5175  25.5512 15.33048465332308
UNKNOWN                 
1 81366U          20026.41434382  .00000019  00000+0  40420-4 0  9996
2 81366  65.8851  78.6999 0741384  28.1591 335.7548 13.38780435778335
UNKNOWN                 
1 81371U          20026.21204124  .00000176  00000+0  48470-4 0  9996
2 81371  98.8091 306.1151 0089334 109.8680 251.2171 14.57319336328243
UNKNOWN                 
1 81374U          20024.59285148  .00000449  00000+0  18989-3 0  9997
2 81374  65.7311  94.7480 0049313 215.5834 144.1967 14.34540560274599
UNKNOWN                 
1 81380U          20025.32384327  .00001146  00000+0  39910-3 0  9997
2 81380  99.8567 162.9047 0006353 176.1381 183.9852 14.37761803308602
UNKNOWN                 
1 81386U          20026.26244111  .00000330  00000+0  17781-3 0  9999
2 81386  71.0549 225.8256 0123160 169.8969 190.4675 14.15932430319002
UNKNOWN                 
1 81390U          20025.46051411  .00000083  00000+0  10332-2 0  9993
2 81390 103.0966 106.5944 0173326 293.4682  64.8240 12.33902608234921
UNKNOWN                 
1 81391U          20025.02267636  .00000709  00000+0  32315-3 0  9995
2 81391  81.2094 298.6800 0013917 190.7481 169.3400 14.20659734275066
UNKNOWN                 
1 81392U          20024.87571824  .00000740  00000+0  93619-3 0  9994
2 81392 100.4212 164.2857 0040744  34.5599 120.3449 13.67317901307508
UNKNOWN                 
1 81402U          20026.27929898  .00001516  00000+0  66085-3 0  9999
2 81402  98.7541  44.1072 0006679 254.8646 105.1795 14.25453658138904
UNKNOWN                 
1 81405U          20023.22630203  .00000312  00000+0  29619-3 0  9998
2 81405  99.5249  11.3162 0169702 160.2642 200.5184 13.82393140264194
UNKNOWN                 
1 81406U          20025.28375289  .00000192  00000+0  11581-3 0  9992
2 81406  65.8123 266.8363 0893614 186.3488 172.5575 13.04518815252938
UNKNOWN                 
1 81409U 87068    20025.48280854  .00001352  00000+0  51330-3 0  9994
2 81409  82.6668 213.6968 0061434 134.3382 226.2863 14.29399387321153
UNKNOWN                 
1 81418U          20025.81942776  .00000397  00000+0  87916-3 0  9997
2 81418 100.3188 150.1471 0052375 357.3210   2.7625 13.34412570112294
UNKNOWN                 
1 81425U          20026.23203887  .00001176  00000+0  14851-2 0  9998
2 81425  99.4196 127.2564 0093773 230.7072 128.5727 13.64078060148311
UNKNOWN                 
1 81427U          20025.50914348 -.00000095  00000-0 -31347-4 0  9993
2 81427  98.9002 297.6698 0087596 287.0885  72.0702 14.03113248250240
UNKNOWN                 
1 81438U          20026.32593922  .00001205  00000+0  20992-2 0  9990
2 81438 100.2858 168.2445 0077198 229.9734 129.4604 13.44775270302560
UNKNOWN                 
1 81449U 85042    20026.30804836  .00000280  00000+0  12774-3 0  9990
2 81449  66.8071 350.6206 0059369 333.6869  26.1218 14.34207483322685
UNKNOWN                 
1 81478U          20024.50591497  .00000236  00000+0  12920-3 0  9993
2 81478  99.1348 230.9142 0174129 357.0443  34.1685 14.13799192318314
UNKNOWN                 
1 81488U 75052    20026.29077728 -.00000090  00000+0 -62025-4 0  9999
2 81488 100.0646 183.4565 0044542 269.6970 208.6753 13.55379874305638
UNKNOWN                 
1 81497U          20026.16028385  .00001055  00000+0  13347-2 0  9992
2 81497 100.3118  93.3836 0028639  36.4585 353.2873 13.66239279921771
UNKNOWN                 
1 81499U          20026.21259293  .00000287  00000+0  10806-3 0  9998
2 81499  74.0525 220.1392 0002704  90.7173 269.4290 14.35887520173461
UNKNOWN                 
1 81509U          20024.60748108  .00004023  00000+0  10350-2 0  9994
2 81509  98.8897 152.4660 0024634 301.8317  58.0478 14.50560203151948
UNKNOWN                 
1 81521U          20025.56913937  .00001929  00000-0  41784-3 0  9997
2 81521  99.7005  59.4286 0011538 100.1076  51.8827 14.59614815326989
UNKNOWN                 
1 81535U          20025.47073304  .00000020  00000+0  26807-4 0  9997
2 81535  98.1914 280.1730 0251593 210.0583 148.5945 14.07256552 84848
UNKNOWN                 
1 81536U 73086    20025.73212184  .00000228  00000+0  17152-2 0  9993
2 81536 101.9876 189.3265 0021459  69.7913 302.1931 12.53656695282466
UNKNOWN                 
1 81537U 93016    20025.24549745  .00000078  00000+0  73894-4 0  9991
2 81537  71.0376 226.3545 0077804 146.6616 213.9437 14.05533325318465
UNKNOWN                 
1 81545U          20026.02517758  .00008325  00000+0  20093-2 0  9991
2 81545  98.9689 239.3026 0059975 313.6227  45.9999 14.52339339113516
UNKNOWN                 
1 81546U          20024.11433051  .00001162  00000+0  14780-3 0  9992
2 81546  66.8059 199.8383 0020636 308.9606  50.9682 14.85551163809781
UNKNOWN                 
1 81552U          20025.28384227  .00000433  00000+0  10394-2 0  9994
2 81552  99.0351 230.0365 0265978 117.8422 244.9916 13.15202055296580
UNKNOWN                 
1 81564U          20025.22621424  .00001230  00000+0  55466-3 0  9990
2 81564  81.1866 347.9983 0035791  98.8922 261.6309 14.21341290259754
UNKNOWN                 
1 81569U 95015    20026.09713826  .00000032  00000+0 -23044-3 0  9996
2 81569  28.0788 311.3944 0317520 244.7847 233.4477 12.46223808284733
UNKNOWN                 
1 81579U          20026.16530332  .00002730  00000+0  18851-2 0  9999
2 81579 100.1481 295.1557 0225568 146.4535 215.1138 13.88606380311321
UNKNOWN                 
1 81599U          20026.23375183  .00000008  00000+0  12632-3 0  9998
2 81599  67.2936 232.7813 0258937 183.2766 283.1765 13.28784478299554
UNKNOWN                 
1 81615U 92021    20026.18120556  .00000322  00000+0  15257-3 0  9992
2 81615  65.8327 324.8800 0820338  37.6756 327.8924 13.22811254298077
UNKNOWN                 
1 81617U 73086    20026.39442898  .00000017  00000+0  36254-3 0  9994
2 81617 101.3675 264.0506 0033850 155.2168 205.0541 12.56133935283398
UNKNOWN                 
1 81624U          20026.15839922  .00000217  00000+0  75444-4 0  9997
2 81624  66.9890 201.8410 0093157 196.2269 163.5856 14.50904002326984
UNKNOWN                 
1 81626U          20026.37201285  .00004048  00000+0  10411-2 0  9995
2 81626  71.0122  11.6690 0016603 200.1323 159.9166 14.50665264314664
UNKNOWN                 
1 81634U          20026.39569435  .00102215  00000+0  43626-2 0  9999
2 81634  51.7661 160.9687 1420911 125.9807 248.1378 12.59613720220909
UNKNOWN                 
1 81640U          20023.00786058 -.00000019  00000+0  37145-4 0  9994
2 81640  65.8227 200.0939 0998383 228.3230 122.8071 12.55356789239987
UNKNOWN                 
1 81652U 76077    20023.89817465 -.00000231  00000+0 -20235-3 0  9996
2 81652 102.1584 165.4896 0382478 107.5115  41.8016 13.41125827290225
UNKNOWN                 
1 81661U          20025.22042165  .00000865  00000+0  26243-3 0  9991
2 81661  98.4359 299.1805 0070596 261.4335  97.8851 14.43321828223648
UNKNOWN                 
1 81667U          20026.04057498  .00000205  00000+0  77900-4 0  9998
2 81667  74.0446  44.8850 0017424 164.0073 196.1635 14.37024249147440
UNKNOWN                 
1 81674U          20024.90135589  .00000117  00000+0  12147-3 0  9990
2 81674  66.8264 344.0313 0033594 327.4162  64.5175 14.04789274311534
UNKNOWN                 
1 81678U          20026.12109120  .00000940  00000+0  15893-3 0  9997
2 81678  65.8326 272.9932 0051484 171.8119 265.1860 14.73912404329946
UNKNOWN                 
1 81683U          20026.35539863  .00000256  00000+0  71600-4 0  9998
2 81683  81.2238   2.7602 0029397 280.3616  79.4260 14.43429470325225
UNKNOWN                 
1 81696U          20026.35308644  .00000644  00000+0  70182-4 0  9998
2 81696  97.3882 359.4521 0225510 144.2072 217.4494 14.74283792194588
UNKNOWN                 
1 81721U          20023.73504005  .00005220  00000+0  13975-2 0  9995
2 81721  98.1445 133.3151 0372482 207.1846 150.9392 14.14619167225955
UNKNOWN                 
1 81732U          20026.42755315  .00000841  00000+0  11145-3 0  9990
2 81732  65.7353 179.9042 0290156 291.5916  65.4504 14.61153091327748
UNKNOWN                 
1 81745U          20026.28306921  .00000250  00000+0  11628-3 0  9993
2 81745  71.0050 351.3174 0008541 304.3194 122.8253 14.29796495322114
UNKNOWN                 
1 81775U          20026.32919198  .00000704  00000+0  32850-3 0  9991
2 81775  82.9301 157.9141 0025305 254.5968 105.2417 14.18990380319393
UNKNOWN                 
1 81792U          20026.00502042  .00000426  00000+0  19491-3 0  9998
2 81792  65.8236 201.9315 0914917 152.4559 212.8204 13.03895651294669
UNKNOWN                 
1 81794U          20026.00756066  .00002525  00000+0  37313-3 0  9992
2 81794  81.1863 236.8932 0004815 318.9497  41.1347 14.74995826330832
UNKNOWN                 
1 81795U          20025.68536377  .00018112  00000+0  99591-3 0  9992
2 81795   6.3453 199.7223 1734485 341.3680  13.0012 11.88368587186099
UNKNOWN                 
1 81798U          20025.54799162  .00002108  00000-0  54322-3 0  9995
2 81798  74.0164 220.6187 0051186 105.5015 255.1805 14.49911935274578
UNKNOWN                 
1 81813U          20026.22952201  .00000418  00000+0  13837-3 0  9991
2 81813  99.0472 165.4968 0017808  24.1154 336.0864 14.43338253324920
UNKNOWN                 
1 81816U 77121    20026.02885224  .00000153  00000+0  18401-3 0  9998
2 81816  66.2379 214.7464 0186898  53.6883 308.1283 13.83535329311822
UNKNOWN                 
1 81817U          20025.65326537  .00000647  00000+0  92834-4 0  9997
2 81817  65.7289 122.4901 0312693  69.4057 294.0289 14.56334882330642
UNKNOWN                 
1 81818U          20025.47068036  .00000145  00000+0  56538-4 0  9999
2 81818  65.7542  61.9342 0680915 201.8962 155.1679 13.69254608352816
UNKNOWN                 
1 81819U          20026.06660942  .00000191  00000+0  16737-2 0  9996
2 81819 102.3002  66.0566 0037067 157.8514 202.4162 12.44540066280559
UNKNOWN                 
1 81821U          20026.29184726  .00014964  37892-6  21785-3 0  9994
2 81821  34.0738  90.7698 2312685  26.4956 343.7278 10.87903042324608
UNKNOWN                 
1 81824U          20026.24265766  .00000355  00000+0  21936-3 0  9997
2 81824  65.8519 315.6719 0044481  40.7210 319.7185 14.16846022319175
UNKNOWN                 
1 81833U          20025.55113862  .00000134  00000-0  46598-3 0  9996
2 81833  90.3011 311.4477 0025037 242.4099 117.4476 12.92939881174861
UNKNOWN                 
1 81838U          20025.32118148  .00000305  00000+0  12886-3 0  9990
2 81838  67.7695 350.7561 0035694 259.4141 173.4511 14.36671304323511
UNKNOWN                 
1 81844U          20025.81460640  .00000728  00000+0  36401-3 0  9996
2 81844  82.9256 201.6752 0083100 121.3696 239.5646 14.13735384318176
UNKNOWN                 
1 81845U          20026.42328736  .00000143  00000+0  27014-4 0  9996
2 81845  97.9026 263.4742 0106475  74.2129  97.9668 14.74873131332380
UNKNOWN                 
1 81864U          20024.68896846 -.00000167  00000+0 -27722-4 0  9999
2 81864  65.6750  11.0855 0799567 217.5241 136.7354 13.25644436265531
UNKNOWN                 
1 81865U 87062    20026.33247750  .00000313  00000+0  27321-3 0  9996
2 81865  82.8059 234.8598 0070336 306.1083 178.9041 13.81966958311518
UNKNOWN                 
1 81872U          20025.17694446  .00023823  00000+0  16419-2 0  9996
2 81872  62.0078 259.6674 2114597 146.8387 228.5056 11.07276949 96814
UNKNOWN                 
1 81873U          20026.23984583  .00000581  00000+0  36059-3 0  9998
2 81873  99.1458  49.0849 0072443 359.3311   0.7749 14.07909338266379
UNKNOWN                 
1 81893U 70025    20026.39642641  .00000118  00000+0  18248-3 0  9993
2 81893 100.0341 249.0640 0018364  13.8746 346.2900 13.72151840309273
UNKNOWN                 
1 81899U          20026.37374941  .00000010  00000+0  16862-3 0  9999
2 81899 102.4344  84.7124 0171460  45.4524 316.0439 13.15292587296268
UNKNOWN                 
1 81902U          20022.33285101  .00001180  00000+0  17027-3 0  9998
2 81902  81.6321 233.2647 0303899  41.4158 320.9641 14.48509841324902
UNKNOWN                 
1 81905U          20026.19032372  .00012784  00000+0  71813-3 0  9994
2 81905  61.7836 331.2942 1771991 259.7677  79.9726 11.81427448408583
UNKNOWN                 
1 81921U          20022.92304419  .00000049  00000+0  54009-4 0  9993
2 81921  65.7070 211.8362 0894834 304.3034  47.6382 13.06927684746939
UNKNOWN                 
1 81946U 87079    20024.12501594 -.00000106  00000+0 -16891-3 0  9990
2 81946  66.4266 323.2497 0676060 309.7151  56.7040 12.41807274280908
UNKNOWN                 
1 81947U          20025.37420689  .00000242  00000+0  44987-4 0  9990
2 81947  66.0818 260.8343 0467142 353.5244   5.9936 14.30667475322255
UNKNOWN                 
1 81964U          20025.17260507 -.00000027  00000+0  39103-4 0  9994
2 81964  66.5837 186.0552 0030952  59.2639 301.1482 13.94336441314392
UNKNOWN                 
1 81969U          20026.17445997  .00000282  00000+0  29810-4 0  9994
2 81969  86.6711 342.7821 0008886 287.2080  72.8172 14.85128924120035
UNKNOWN                 
1 81995U          20026.22082737  .00000084  00000+0  45429-4 0  9992
2 81995  65.7538 200.7495 0609622 269.7264  83.3975 13.81364638306171
UNKNOWN                 
1 82025U          20026.37872939  .00004833  00000+0  64255-3 0  9997
2 82025  74.0318  32.9018 0018997 269.1284  90.7716 14.79898854276694
UNKNOWN                 
1 82039U          20026.07668925  .00001364  00000+0  34428-3 0  9992
2 82039  99.0621 337.8814 0045418  90.6206 270.0191 14.52268631244356
UNKNOWN                 
1 82043U          20025.67211533  .00000248  00000+0  93382-4 0  9996
2 82043  97.9494 347.4531 0262548 345.5463  13.8307 14.21986146267914
UNKNOWN                 
1 82044U          20022.99738902  .00000323  00000+0  39134-3 0  9991
2 82044  99.9918  42.9235 0066046  50.9793 309.7209 13.73630270266326
UNKNOWN                 
1 82051U          20025.38718783  .00000540  00000+0  27113-3 0  9995
2 82051  98.8885  83.3246 0116986 339.2731  20.3719 14.17220355266948
UNKNOWN                 
1 82073U          20025.73459190  .00000050  00000+0  29112-4 0  9990
2 82073  97.7627 312.2542 0242500 273.5779  83.7702 14.26035374268178
UNKNOWN                 
1 82110U          20026.07903575  .00027236  00000+0  67711-2 0  9991
2 82110  51.5899 333.8307 1846857  78.2774 301.8432 11.34128402182561
UNKNOWN                 
1 82112U          20025.65902345  .00000822  00000+0  24666-3 0  9995
2 82112  98.6656 104.6438 0099163 322.0715  37.3517 14.42766295270977
UNKNOWN                 
1 82139U          20024.97408952  .00000536  00000+0  34553-3 0  9991
2 82139  99.1845  45.0174 0092777 287.5184  71.5861 14.05479269177593
UNKNOWN                 
1 82162U          20025.23561673  .00001214  00000+0  22446-2 0  9998
2 82162 100.4005 203.2075 0053446 335.0213  24.8329 13.41539137215383
UNKNOWN                 
1 82168U          20025.36955527  .00001722  00000+0  29024-3 0  9997
2 82168  74.0118  43.8963 0016467 274.3120  85.6169 14.70264604172407
UNKNOWN                 
1 82180U          20026.12544289 -.00000116  00000+0  25435-5 0  9996
2 82180  65.6611 285.4941 0485746 197.0995 161.3213 14.04234606297367
UNKNOWN                 
1 82187U          20026.21416990  .00001779  00000+0  36817-3 0  9999
2 82187  70.9430 341.2677 0077844 301.9640  57.3954 14.59906279328372
UNKNOWN                 
1 82189U          20026.33694309  .00000012  00000+0  13636-4 0  9990
2 82189  74.0355  18.4928 0016456   6.0098 354.1248 14.33572634324588
UNKNOWN                 
1 82199U          20026.30510507  .00000138  00000+0  11043-3 0  9993
2 82199  82.9662  43.9785 0037729   7.5284   4.4735 13.83393339312615
UNKNOWN                 
1 82205U          20025.77077797  .00000318  00000+0  77177-4 0  9991
2 82205  62.9890 142.8413 0682908  93.1210 274.8135 13.78487781310711
UNKNOWN                 
1 82223U          20026.35628602  .00000037  00000+0  52927-4 0  9997
2 82223  99.3393 174.0075 0078440 145.1792 215.4540 14.02355856147148
UNKNOWN                 
1 82227U          20023.41085014  .00000010  00000+0  39101-3 0  9998
2 82227 101.7650   6.4591 0001195 201.7182 314.3021 12.41906793374207
UNKNOWN                 
1 82250U          20024.57466615  .00000946  00000+0  64751-3 0  9999
2 82250  98.9776 295.9339 0097035  60.5519  59.5245 13.99815746315007
UNKNOWN                 
1 82268U          20026.01383193  .00000824  00000+0  46218-3 0  9991
2 82268  99.1404 100.1041 0060053 272.2615 213.5433 14.12681342431620
UNKNOWN                 
1 82284U          20025.99200708  .00000857  00000+0  36555-3 0  9994
2 82284  99.5573 107.9039 0109352 106.1178 255.2069 14.24847266364430
UNKNOWN                 
1 82285U          20026.35973939  .00002395  00000+0  24618-2 0  9994
2 82285 102.0169 344.4179 0357782  63.0007 300.7180 13.52817700304062
UNKNOWN                 
1 82295U          20024.55833310  .00000068  00000+0  59295-4 0  9999
2 82295  66.6239   4.3418 0139566 294.1749  64.4808 14.25462473273017
UNKNOWN                 
1 82298U          20026.01726393  .00000900  00000+0  50246-3 0  9998
2 82298  99.0786  96.4975 0063403 289.9065  69.5283 14.12518455261496
UNKNOWN                 
1 82303U          20026.15060824  .00001137  00000+0  25733-2 0  9995
2 82303  81.9782 272.6272 0140699 323.5571 196.1832 13.22202705226606
UNKNOWN                 
1 82311U          20026.11063050  .00000299  00000+0  50475-3 0  9994
2 82311  99.4874 144.9895 0111176 299.8620  59.1505 13.51519630259961
UNKNOWN                 
1 82314U          20025.36177648  .00004447  00000+0  21856-3 0  9992
2 82314  99.2303 351.2741 0216478  24.9671 336.1833 15.00539669218222
UNKNOWN                 
1 82320U          20025.63148085  .00000305  00000+0  13004-3 0  9997
2 82320  99.8166 321.1443 0161016 222.8731 135.9800 14.27041164321297
UNKNOWN                 
1 82322U          20024.91440267  .00000861  00000+0  22609-3 0  9994
2 82322  98.6242  70.6947 0082544 166.7418 193.5971 14.49842294252471
UNKNOWN                 
1 82348U          20025.13290595  .00000422  00000+0  33733-3 0  9997
2 82348  63.7573  80.2728 3278828 312.9383  23.8583  8.38530835186953
UNKNOWN                 
1 82369U 99025    20026.36255482  .00000162  00000+0  14333-3 0  9993
2 82369  99.1087  59.7089 0085411 127.2328 233.6666 13.96924302257270
UNKNOWN                 
1 82381U          20025.25334416  .00000758  00000+0  26690-3 0  9994
2 82381  98.5075 219.3375 0018209 191.4911 168.5862 14.37566123199849
UNKNOWN                 
1 82383U          20026.01794540  .00001755  00000+0  27457-3 0  9999
2 82383  98.3174  49.3233 0005384 316.0755  44.0024 14.74081024229108
UNKNOWN                 
1 82402U          20025.83481897  .00000248  00000+0  25895-4 0  9999
2 82402  86.6712 342.9906 0008988 288.9509  71.0740 14.84969826134650
UNKNOWN                 
1 82410U          20024.81327308 -.00000006  00000+0  69842-4 0  9994
2 82410  66.6587  89.6451 0063071 359.8543   0.2498 13.75967646290998
UNKNOWN                 
1 82428U          20026.24601738  .00006154  00000+0  67728-2 0  9992
2 82428  63.1652 339.1453 0081824  13.2215 347.0940 13.71437436123107
UNKNOWN                 
1 82432U 93036    20026.13920269  .00000177  00000+0  51676-4 0  9995
2 82432  74.0092  77.8197 0062809  42.2297 318.3675 14.50213386171053
UNKNOWN                 
1 82448U          20025.59685100  .00000265  00000+0  27771-4 0  9999
2 82448  85.8776 241.9180 0009733 325.7057  34.3537 14.84916510117187
UNKNOWN                 
1 82451U          20026.34486847  .00001119  00000+0  14348-3 0  9998
2 82451  66.5369 249.0692 0306347 265.3004  91.3065 14.57984160817524
UNKNOWN                 
1 82453U          20024.30483771 -.00000048  00000+0 -26873-4 0  9996
2 82453 101.8728 342.3299 0093714 237.5084 121.6895 12.39481616279737
UNKNOWN                 
1 82458U          20007.35256057  .00000637  00000+0  40985-3 0  9993
2 82458  66.5101 335.8981 0067722   8.4465 351.7743 14.08570918303971
UNKNOWN                 
1 82464U          20025.63782586  .00001064  00000+0  33665-3 0  9994
2 82464  71.0002 128.7940 0089733 249.4889 175.0463 14.40228685323656
UNKNOWN                 
1 82475U          20026.31246256  .00000200  00000+0  14770-3 0  9998
2 82475  99.1871  49.7364 0106741 312.7102  46.5113 14.04168653244234
UNKNOWN                 
1 82481U          20025.22545231  .00003716  00000+0  28189-3 0  9993
2 82481  99.0289 188.6660 0039893 143.1416 217.2558 15.02408114133912
UNKNOWN                 
1 82484U          20026.16013894 -.00000006  00000+0  53360-4 0  9995
2 82484  99.6040 105.2485 0045799 211.4761 148.3634 13.55045153299727
UNKNOWN                 
1 82494U 93036    20025.62389686  .00000438  00000+0  12360-3 0  9994
2 82494  74.0215 150.0766 0010831  82.5194 277.7195 14.48615185170677
UNKNOWN                 
1 82500U          20025.68266693  .00000398  00000+0  25988-3 0  9994
2 82500  70.9717 151.2666 0140972  93.2748 268.4507 14.03378534316595
UNKNOWN                 
1 82517U          20026.11182414  .00000782  00000+0  23723-3 0  9991
2 82517  86.3890 276.9630 0013780 130.5038 229.7364 14.40949440113143
UNKNOWN                 
1 82524U          20025.57776377  .00001057  00000-0  49234-3 0  9997
2 82524  73.2899 240.5231 0176414  97.0712 295.9887 14.14003664272128
UNKNOWN                 
1 82526U          20024.52046300  .00000396  00000+0  28446-3 0  9995
2 82526  99.2637  50.8027 0111120 128.6105 232.5072 13.99970331220383
UNKNOWN                 
1 82529U          20024.58012910 -.00000049  00000+0 -13536-4 0  9996
2 82529  99.7293 156.4726 0245532  66.9411 352.6221 13.38233531302059
UNKNOWN                 
1 82545U          20025.38898713 -.00000035  00000+0  20916-3 0  9999
2 82545  64.8840  57.5076 0179462 340.1396  19.2605 11.30772177195993
UNKNOWN                 
1 82560U          20026.31428829  .00000242  00000+0  25760-3 0  9998
2 82560  99.9865 153.2910 0012154 170.0505 218.8225 13.85030781314205
UNKNOWN                 
1 82561U          20025.06369606  .00000077  00000+0  78533-4 0  9990
2 82561  63.1277 191.7227 0431384 303.7837 155.7996 13.88009989312477
UNKNOWN                 
1 82576U          20023.30669281  .00000790  00000+0  54913-3 0  9990
2 82576  99.3004  35.8448 0117367 154.6843 206.0134 13.98592488218726
UNKNOWN                 
1 82597U          20023.94057165  .00000149  00000+0  89395-4 0  9996
2 82597  66.7744 358.7134 0097583  99.4454 261.7691 14.28022808321525
UNKNOWN                 
1 82616U          20025.33374411  .00001439  00000+0  20418-3 0  9992
2 82616  97.2807 167.9707 0104517 178.3740 181.7832 14.74631163247833
UNKNOWN                 
1 82617U          20026.15123594  .00000066  00000+0  25818-4 0  9993
2 82617  74.0300 299.8545 0039721  51.7963 308.6761 14.46145915326164
UNKNOWN                 
1 82619U          20025.71959454  .00000372  00000+0  61053-3 0  9998
2 82619  66.1966 287.0850 0215116   8.9041 351.5731 13.49556177182048
UNKNOWN                 
1 82627U          20026.30425833 -.00000213  00000+0 -61811-3 0  9990
2 82627  82.4790 334.9550 0012889  44.8651 112.3958 13.13383229296700
UNKNOWN                 
1 82629U          20025.74507679  .00001314  00000+0  48088-3 0  9990
2 82629  81.1790 187.3134 0019803 349.8848  10.1933 14.32349732273688
UNKNOWN                 
1 82637U          20024.55822186  .00001756  00000+0  50900-3 0  9996
2 82637  99.5321 148.3100 0030607  61.6432 298.7836 14.45651486192911
UNKNOWN                 
1 82642U          20025.99613333  .00000420  00000+0  29541-3 0  9997
2 82642  99.0311 298.4072 0141398  67.7594 293.8499 13.98761781315300
UNKNOWN                 
1 82683U 99057    20026.09164283  .00000052  00000+0  37561-4 0  9992
2 82683  98.1289 249.9586 0228672 161.0784 199.9064 14.13355778158447
UNKNOWN                 
1 82693U          20025.60102490  .00000485  00000-0  72230-3 0  9993
2 82693 100.5338 150.7001 0046851 266.7639  92.8136 13.59262902261172
UNKNOWN                 
1 82698U          20026.41288630  .00000134  00000+0  14399-3 0  9991
2 82698  61.6139  88.4668 0720633 231.6870 121.7211 13.21122338254113
UNKNOWN                 
1 82708U          20022.40692589  .00000370  00000+0  16756-2 0  9990
2 82708 102.1480   3.4799 0066025 302.3918  57.0795 12.86703076246522
UNKNOWN                 
1 82729U          20024.90206649  .00000464  00000+0  16931-2 0  9997
2 82729  67.9482 253.9149 0841556  36.9618 328.6436 12.15694235273834
UNKNOWN                 
1 82737U          20026.19894476  .00006531  00000+0  10088-1 0  9997
2 82737 102.8918 293.0698 0302199 130.8472 231.9259 13.34981117256466
UNKNOWN                 
1 82739U          20025.59376407  .00000434  00000-0  43504-3 0  9999
2 82739  99.1047 252.4243 0184080 249.8022 136.9826 13.75953181310227
UNKNOWN                 
1 82741U          20025.42029615  .00000400  00000+0  58965-3 0  9999
2 82741 102.8798  91.4627 0205784 338.9803  20.2955 13.55515119305218
UNKNOWN                 
1 82742U          20026.23327031  .00001323  00000+0  61657-3 0  9990
2 82742  99.5885  31.5575 0056579  18.0631 342.2537 14.21597472237219
UNKNOWN                 
1 82748U          20025.89062008  .00011679  00000+0  36347-2 0  9999
2 82748 102.8104   0.1013 0023217 293.7611  66.1127 14.41060106242055
UNKNOWN                 
1 82755U          20026.33973650  .00002166  00000+0  41354-3 0  9997
2 82755  99.8185 350.9056 0002335 325.3831  34.7214 14.65294166328799
UNKNOWN                 
1 82783U          20026.27629370  .00000335  00000+0  99541-3 0  9995
2 82783  90.3347 334.1010 0023727 102.5099 257.8683 13.06169500223754
UNKNOWN                 
1 82785U          20026.17209581  .00000310  00000+0  10378-3 0  9998
2 82785  63.1349 224.1903 0317927 355.3825 114.8183 14.29599479322023
UNKNOWN                 
1 82820U          20026.13191526  .00000360  00000+0  18913-3 0  9991
2 82820  99.7816 276.5049 0060631 284.6227  74.8229 14.20491860319822
UNKNOWN                 
1 82829U          20021.68236111  .00000367  00000+0  11394-1 0  9996
2 82829  65.0902 272.5947 0163458  85.5597 309.3324 11.28850410243132
UNKNOWN                 
1 82854U          20027.03285172  .00000372  00000-0  31919-3 0  9994
2 82854  82.6919 294.2872 0133200 199.7017 159.8970 13.80467811783434
UNKNOWN                 
1 82873U          20024.62460344  .00000634  00000+0  38343-3 0  9991
2 82873 100.0129 353.4155 0047778  48.2092 312.3142 14.10312579317344
UNKNOWN                 
1 82875U          20022.33476233  .00000031  00000+0  24193-4 0  9993
2 82875  98.6624  53.0540 0393334 313.6230  43.2927 14.10687451240850
UNKNOWN                 
1 82893U          20025.67704067  .00000493  00000+0  32384-3 0  9994
2 82893  98.9924 107.3555 0031817   1.8280 358.2999 14.06462342120491
UNKNOWN                 
1 82915U          20025.47968612  .00002104  00000+0  38071-3 0  9995
2 82915  74.0222 102.1978 0031076 306.7962  53.0356 14.66729435166587
UNKNOWN                 
1 82939U          20024.98114897 -.00000055  00000+0 -30303-2 0  9998
2 82939  86.1791  46.8718 1973797 299.2515  42.5216  8.76500779197641
UNKNOWN                 
1 82959U          20022.87529705  .00000284  00000+0  19146-3 0  9999
2 82959 100.0857 262.7009 0055038 339.1668  20.7255 14.09278008240498
UNKNOWN                 
1 82961U          20025.87510467 -.00001659  00000+0 -38595-2 0  9997
2 82961  99.8728 358.0165 0488538 205.2759 152.3693 12.86677312276787
UNKNOWN                 
1 82965U 70025    20025.39030989  .00000281  00000+0  47516-3 0  9990
2 82965 100.1868   5.5713 0002286  38.8607 321.2693 13.55258503233064
UNKNOWN                 
1 82991U          20026.40460772  .00002056  00000+0  39473-3 0  9990
2 82991  86.3232 189.9892 0020172 239.6172 120.3046 14.63120020170118
UNKNOWN                 
1 83903U          20025.87479895  .00000043  00000+0  00000+0 0  9994
2 83903  11.1809 313.2841 0129520 188.8720 355.4727  0.99110260 22375
UNKNOWN                 
1 83932U          20005.89292593  .00003820  00000+0  29300-2 0  9997
2 83932  21.0556 219.3377 6887150 262.6230  20.9115  2.74581935 30357
UNKNOWN                 
1 83934U          20026.32569931 -.00000234  00000+0  00000+0 0  9993
2 83934  10.3685 318.1558 0222348 208.9655  10.6844  1.02660838 23236
UNKNOWN                 
1 83952U          20024.46374924  .00000484  00000+0  25715-2 0  9991
2 83952  20.6069  96.2473 7162365 294.1762   9.2844  2.31875069 34133
UNKNOWN                 
1 83970U          20023.47879695  .00000189  00000+0  17981-3 0  9995
2 83970  18.3181  85.0374 5263932  60.7303 341.6339  5.09880574 84396
UNKNOWN                 
1 83975U          20007.98028787  .00000001  00000+0  00000+0 0  9999
2 83975  19.5752   3.1128 7014090 209.1750  80.5007  2.15298019 35671
UNKNOWN                 
1 84006U          20025.94384542 -.00000044  00000+0  00000+0 0  9993
2 84006  22.6254 233.6546 6161901  55.0020 348.4438  2.16235490 37765
UNKNOWN                 
1 84026U          20026.23487700  .00013477  00000+0  65413-2 0  9993
2 84026  21.8161 268.1062 6272741  88.1992 337.6325  3.59926555 46189
UNKNOWN                 
1 84071U          20022.87940999  .00000749  00000+0  64251-3 0  9991
2 84071  20.7273 303.9878 7036254 212.1184  73.2462  2.56669865 47162
UNKNOWN                 
1 84079U          20023.86664686 -.00000416  00000+0 -26011-3 0  9990
2 84079  62.7692 121.1294 4054084 140.9433 256.8541  7.05018898152376
UNKNOWN                 
1 84136U          20023.51579737  .00013217  00000+0  10744-2 0  9994
2 84136  51.4358 319.1880 2261862 240.4928  95.1738 10.74664427268916
UNKNOWN                 
1 84170U          20023.18933421  .00005361  00000+0  19622-2 0  9994
2 84170  20.9161 252.4461 7027632 210.0734  77.8179  2.59354839 36599
UNKNOWN                 
1 84232U 79104    20025.96433660 -.00000042  00000+0  22053-3 0  9997
2 84232  20.3455 275.7057 6926043 271.7130  16.9279  2.67149980 43359
UNKNOWN                 
1 84249U          20008.63818479  .00006302  00000+0  37112-2 0  9999
2 84249  64.4017 255.2175 5748387  19.7761 355.6336  4.34602506 53202
UNKNOWN                 
1 84342U          20023.04534867  .00003759  00000+0  11480-2 0  9994
2 84342  21.8548 321.3355 5836498 242.2563  47.8045  4.25852906 52163
UNKNOWN                 
1 84346U          20010.33292470  .00004458  00000+0  65925-3 0  9998
2 84346  20.6318 209.3296 6978975 291.3899  10.7591  2.68291527 25530
UNKNOWN                 
1 84353U          20026.20003705 -.00000580  00000+0  00000+0 0  9992
2 84353  18.6853 109.3186 6702445 284.7129  14.2861  2.03735634 24343
UNKNOWN                 
1 84407U          20025.90101873  .00000174  00000+0  34057-2 0  9993
2 84407  18.9051 248.6621 7191737 324.8727   4.2503  2.05645994 31659
UNKNOWN                 
1 84414U          20026.01120004  .00014008  00000+0  74970-3 0  9991
2 84414  65.2202 115.0655 4394965  26.4300 350.5842  6.74143878 81282
UNKNOWN                 
1 84415U          20022.35524528  .00005038  00000+0  16119-2 0  9997
2 84415  23.7763 281.3168 5638586 161.1542 233.4599  4.55803352 64439
UNKNOWN                 
1 84452U          20026.21760949  .00004952  00000+0  42271-3 0  9999
2 84452   2.9869 344.8488 6427094 172.2271 207.5317  3.45608101 74657
UNKNOWN                 
1 84479U          20026.33415453  .00020994  00000+0  49039-2 0  9990
2 84479  23.5025 120.4217 5266284 235.2737  63.4473  5.16168369 43649
UNKNOWN                 
1 84481U          20026.14643425  .00001942  00000+0  18145-2 0  9990
2 84481  64.7685 299.6758 5926849   4.6101 359.0651  4.05212653 47855
UNKNOWN                 
1 84565U          20025.45865563  .00001150  00000+0  17544-2 0  9998
2 84565   2.0049 153.8661 7247824 149.4073 286.3856  2.27333323 14547
UNKNOWN                 
1 84575U          20026.18260867 -.00000072  00000+0  19898-2 0  9993
2 84575  18.0420 152.6222 7140478 150.6201 282.5674  2.19810089 18216
UNKNOWN                 
1 84588U          20026.01018502  .00004864  00000+0  16458-2 0  9997
2 84588   2.4672  63.9362 7063358 250.7986  25.3720  2.55157797 51636
UNKNOWN                 
1 84597U          20024.68679705  .00000351  00000+0  30807-2 0  9997
2 84597  18.6711  93.5271 7279394 254.5727  20.7315  2.17621195 21600
UNKNOWN                 
1 84911U          20022.62550039 -.00001024  00000+0 -11384-1 0  9995
2 84911   1.8908  73.5813 6568436  53.7798 335.0296  2.95732580 66859
UNKNOWN                 
1 84932U          20026.37973556 -.00000313  00000+0 -26175-2 0  9992
2 84932   2.4860 310.0942 6565281 290.0501 213.1517  2.98913816 67478
UNKNOWN                 
1 84961U          20025.69330308 -.00000216  00000+0  00000+0 0  9997
2 84961  10.5993 307.5226 0131023 220.4841 138.6517  0.98641462 22266
UNKNOWN                 
1 85001U          20025.98819455  .00025348  00000+0  34049-2 0  9995
2 85001  51.4507  20.4105 2917605 357.5606   1.3211  9.37212515224036
UNKNOWN                 
1 85004U          20025.31486664  .00000104  00000+0  49414-4 0  9994
2 85004  98.2575  41.4869 0052137 121.6534 250.9705 14.35668814323436
UNKNOWN                 
1 85010U          20025.17064127  .00000380  00000+0  47800-3 0  9993
2 85010  99.4180 277.2730 0026938  94.3150  58.5979 13.70409215309271
UNKNOWN                 
1 85011U          20026.31395190  .00002778  00000+0  12618-2 0  9999
2 85011  70.9835 359.2891 0037310 248.1232 111.5925 14.22303912116708
UNKNOWN                 
1 85015U          20025.77987455 -.00000009  00000+0  44463-5 0  9995
2 85015  74.0479 176.3857 0015937 275.2611  84.6736 14.59617313329040
UNKNOWN                 
1 85023U          20026.29279144  .00000736  00000+0  33792-3 0  9998
2 85023  99.8634  67.6984 0000631 174.5557 249.7673 14.24983748320589
UNKNOWN                 
1 85025U          20025.66905173  .00000965  00000+0  73588-3 0  9999
2 85025  82.5397   2.6044 0024749  93.6289 266.7707 13.92520893266017
UNKNOWN                 
1 85027U          20026.34025546 -.00000072  00000+0  66598-5 0  9999
2 85027  66.0430 314.1734 0185791 250.9571 107.1287 13.73239665309683
UNKNOWN                 
1 85047U          20025.78929608 -.00000032  00000+0  69060-4 0  9992
2 85047 102.3230 339.3946 0223595 280.8153  76.7854 13.05537786293609
UNKNOWN                 
1 85061U          20025.87634894  .00002098  00000+0  10346-1 0  9991
2 85061 102.4308 172.5962 0278554 345.9849 175.8464 12.62200421283610
UNKNOWN                 
1 85100U          20025.89689038  .00000032  00000+0  18873-4 0  9999
2 85100  74.0446 224.9268 0013659 266.8375 157.1657 14.38777788324310
UNKNOWN                 
1 85106U          20025.37805321  .00000181  00000+0  26120-3 0  9991
2 85106 100.1053 347.0550 0010779  61.8099  90.0967 13.70142601308640
UNKNOWN                 
1 85111U 73086    20025.75345686  .00000086  00000+0  84500-3 0  9996
2 85111 101.5621   8.3903 0005545 178.4502 181.6587 12.50777811197285
UNKNOWN                 
1 85117U          20024.66958260  .00003195  00000+0  47213-3 0  9999
2 85117  70.0325  39.1551 0058740  92.3153 268.4721 14.75032837279853
UNKNOWN                 
1 85124U          20025.57633930  .00002995  00000-0  48137-3 0  9996
2 85124  82.2358 148.4064 0400611  90.5006 274.2085 14.29418768160295
UNKNOWN                 
1 85133U          20024.90232838  .00000708  00000+0  33702-3 0  9995
2 85133  98.9211  67.8160 0025580  28.8372 331.4213 14.22473165224831
UNKNOWN                 
1 85151U 86019    20026.31555496  .00000757  00000+0  26978-3 0  9995
2 85151  98.5161 220.6924 0016534 174.7965 185.3396 14.36995160168896
UNKNOWN                 
1 85159U          20022.94813684  .00000699  00000+0  39310-3 0  9999
2 85159  98.8381 287.5202 0081971 253.3770 105.8389 14.12064017194550
UNKNOWN                 
1 85175U          20024.74786342  .00001983  00000+0  45984-3 0  9998
2 85175 101.3785  35.9651 0156347 227.4607 131.3287 14.49702569311014
UNKNOWN                 
1 85205U          20024.96832354  .00000064  00000+0  49740-4 0  9995
2 85205  82.9564 108.8004 0037329 177.0194 307.3229 13.76357088310749
UNKNOWN                 
1 85210U 75052    20025.47476005 -.00000430  00000+0 -38188-3 0  9996
2 85210  99.8092 101.9474 0221016  51.0484 322.5329 13.68040941308176
UNKNOWN                 
1 85217U          20026.12052144  .00000346  00000+0  12077-3 0  9994
2 85217  98.0007 274.8020 0241844  63.5099 299.0667 14.25557746321154
UNKNOWN                 
1 85220U          20026.20703375  .00001646  00000+0  48840-3 0  9997
2 85220  99.4034 124.7179 0184869 101.6344 260.5651 14.35398581322519
UNKNOWN                 
1 85237U          20026.21286771 -.00000062  00000+0  14003-4 0  9999
2 85237  65.5424 316.1484 0614586 264.2839  88.7881 13.79330502310786
UNKNOWN                 
1 85238U          20026.21964213 -.00000032  00000+0  79920-5 0  9991
2 85238  98.8039  18.6778 0062666 267.3679 150.1542 13.87915732312918
UNKNOWN                 
1 85246U          20026.29781103  .00000132  00000+0  65692-4 0  9993
2 85246  97.9938 204.4653 0241210 105.0355 257.7650 14.15237888318905
UNKNOWN                 
1 85266U          20026.26431570  .00001568  00000+0  90069-3 0  9991
2 85266  62.7229 331.9643 3678870 123.1336 277.7241  7.72939615173778
UNKNOWN                 
1 85283U 78098    20026.23104171  .00001833  00000+0  46185-3 0  9998
2 85283  99.7019 299.3572 0031287  71.3451 289.1133 14.52356494228554
UNKNOWN                 
1 85292U          20026.30132049  .00001045  00000+0  30318-3 0  9995
2 85292  65.8334 358.7588 0052521  22.7943 337.5471 14.47967546875332
UNKNOWN                 
1 85370U          20025.40924617  .00000336  00000+0  35172-3 0  9997
2 85370  99.9853  83.9296 0009367 225.6068 146.5533 13.83196159311715
UNKNOWN                 
1 85373U          20025.54992523  .00000505  00000-0  44522-3 0  9994
2 85373 100.3916 127.0051 0053484  78.6484 293.1887 13.90379206312953
UNKNOWN                 
1 85383U          20025.14993969  .00000818  00000+0  24914-3 0  9995
2 85383  98.6842  94.9363 0107101 340.7674  18.9485 14.41577995275181
UNKNOWN                 
1 85386U          20026.01793001  .00000798  00000+0  22612-3 0  9990
2 85386  98.6521 106.6931 0116675 284.9582 197.9318 14.44617634325506
UNKNOWN                 
1 85410U          20016.12638888  .00000006  00000-0  00000+0 0  9996
2 85410  80.0053  91.4245 0009717 273.3820 201.6190 13.14633027    10
UNKNOWN                 
1 85412U          20016.34702987  .00000012  00000-0  00000+0 0  9991
2 85412  88.9100  82.4227 0010130 287.1400 204.5700 13.55759361    14
UNKNOWN                 
1 85430U          20021.86902543 -.00000074  00000-0  00000+0 0  9993
2 85430  67.2351 359.9023 0009573 357.1340   2.9687 13.94365943   317
UNKNOWN                 
1 85431U          20021.86759573 -.00000075  00000-0  00000+0 0  9998
2 85431  67.1731 359.8537 0019827 304.8192  55.1025 13.95094039   317
UNKNOWN                 
1 87001U          20026.38960006  .00003224  00000+0  15163-1 0  9995
2 87001 105.1195   9.1392 0077407 189.9121 170.0424 12.75637181285802
UNKNOWN                 
1 87011U          20024.99039509  .00000050  00000+0  20736-3 0  9994
2 87011  67.0381 118.3643 0262246  12.4321 348.3031 13.27647873299353
UNKNOWN                 
1 87013U          20025.16232376 -.00000805  00000+0 -92160-3 0  9993
2 87013  65.5076 293.6254 1317776 280.2678  65.2649 11.83299693124860
UNKNOWN                 
1 87014U          20025.48733949  .00000619  00000+0  11778-2 0  9997
2 87014 100.4992 223.8570 0053980 331.1077  57.0580 13.42082702302033
UNKNOWN                 
1 87021U          20026.25546017  .00234517  13276-4  19438-2 0  9990
2 87021  63.2551 189.9725 0707371 314.3038  40.2049 14.42132694199004
UNKNOWN                 
1 87027U          20021.17284813  .00008102  00000+0  17258+0 0  9995
2 87027  64.2650  27.8159 3724717  68.9453 326.6109  6.72136207    19
UNKNOWN                 
1 87029U          20026.41763598  .00000072  00000+0  76992-4 0  9994
2 87029  98.9911  94.6274 0069858  98.8077 262.1007 13.99801706292254
UNKNOWN                 
1 87041U          20025.73961106  .00000002  00000+0  29202-3 0  9991
2 87041  67.3167 161.4717 0354057   7.1809 353.4081 12.43352024282864
UNKNOWN                 
1 87042U          20025.45032465 -.00000097  00000+0 -33874-4 0  9995
2 87042  98.9402  99.2302 0044452 348.3463  11.6671 14.03510528252369
UNKNOWN                 
1 87051U          20026.03486117  .00000207  00000+0  10699-3 0  9997
2 87051  65.7308 277.1535 0760170  22.2744 340.9533 13.35715177301072
UNKNOWN                 
1 87053U          20026.34984971  .00029082  10800-5  85044-3 0  9997
2 87053  63.0904 358.5350 2717033  49.0693 331.5590  9.97605519215106
UNKNOWN                 
1 87054U          20026.14937665  .00000780  00000+0  57153-3 0  9993
2 87054 100.0824   6.7139 0013989 274.3489  85.6073 13.99416256315154
UNKNOWN                 
1 87065U          20025.12256688  .00000611  00000+0  80151-3 0  9998
2 87065  98.7209 147.7278 0337071  22.3566 339.1874 13.43493615227661
UNKNOWN                 
1 87071U          20026.27219334  .00000237  00000+0  15259-3 0  9990
2 87071  61.2301  26.9993 0558783 295.7027  58.7310 13.65002523308028
UNKNOWN                 
1 87074U          20026.39653723  .00000092  00000+0  17809-3 0  9992
2 87074  66.1429  62.1418 0150322   4.1685 356.0590 13.70004486308917
UNKNOWN                 
1 87076U          20025.63800040  .00000108  00000+0  44738-3 0  9995
2 87076  67.7590 165.1209 0642548 193.5700 164.7305 12.54693935283233
UNKNOWN                 
1 87079U          20026.17699413  .00000995  00000+0  11654-3 0  9993
2 87079  70.3269 310.8043 0034283 242.9179 116.8478 14.87844012332814
UNKNOWN                 
1 87082U          20026.39236005  .00001308  00000+0  94646-4 0  9997
2 87082  97.4281  10.8210 0170440 109.9603 252.0066 14.94702546286036
UNKNOWN                 
1 87091U          20026.40048267  .00003618  00000+0  22056-3 0  9991
2 87091  65.7017  35.2239 0172029 250.4238 107.8244 15.00424859334938
UNKNOWN                 
1 87094U          20025.24780081  .00001796  00000+0  47763-3 0  9999
2 87094  99.7882  36.2710 0131096 275.5416  83.0831 14.45214126323799
UNKNOWN                 
1 87107U          20026.27837244  .00006786  00000+0  53011-3 0  9999
2 87107  98.9068  42.8239 0021018  15.9997 344.1883 15.01344243287392
UNKNOWN                 
1 87113U          20025.66343844  .00000932  00000+0  16611-3 0  9998
2 87113  65.6662  98.2524 0378610 241.5282 197.6813 14.34953901322430
UNKNOWN                 
1 87129U          20026.32164529  .00000078  00000+0  90974-3 0  9995
2 87129 102.4114  57.0042 0029862  73.8965 286.5383 12.41939826280016
UNKNOWN                 
1 87134U          20025.49284677  .00000876  00000+0  16050-2 0  9993
2 87134  66.6745  95.8870 0465030 208.8758 148.5810 13.09269687294960
UNKNOWN                 
1 87143U          20023.22331159  .00000032  00000+0  00000+0 0  9999
2 87143  26.2059 336.4061 3745275 302.3611  26.7476  6.74317703152098
UNKNOWN                 
1 87149U          20025.26944595 -.00002814  00000+0 -24673-2 0  9992
2 87149  62.9426 334.1572 3275790 217.5722 114.4238  8.35348564187436
UNKNOWN                 
1 87159U          20025.34984894  .00000401  00000+0  49525-3 0  9990
2 87159  90.3060 358.7718 0121080 119.0077 242.3277 13.60546613264156
UNKNOWN                 
1 87163U          20026.33645123  .00000263  00000+0  10907-3 0  9992
2 87163  65.6021  53.0507 0720126 278.2471  73.7591 13.50072975286722
UNKNOWN                 
1 87164U          20026.18351028 -.00000114  00000+0  13228-6 0  9992
2 87164  65.2062 317.0758 0155951 230.2294 128.4976 14.40202725325372
UNKNOWN                 
1 87180U          20026.32820716  .00000561  00000+0  58003-3 0  9993
2 87180  65.9180 354.7390 0036373 273.8607  85.8302 13.83430571311557
UNKNOWN                 
1 87203U          20025.86609861  .00001188  00000+0  29897-3 0  9998
2 87203  98.8959 257.4996 0066562  28.7297 331.7537 14.51916518239781
UNKNOWN                 
1 87204U          20025.48799551  .00000389  00000+0  20045-3 0  9991
2 87204  98.7496 258.6404 0052236  76.3008 284.3976 14.20091349319901
UNKNOWN                 
1 87211U          20026.42675214  .00000292  00000+0  12546-3 0  9993
2 87211  99.0661 257.5621 0068503 325.8497 209.6313 14.31362507399658
UNKNOWN                 
1 87213U          20025.99685367  .00001491  00000+0  21614-3 0  9994
2 87213  99.0271 102.7718 0066028   4.6392 355.5412 14.76459338243524
UNKNOWN                 
1 87214U          20025.82393762  .00000591  00000+0  62379-3 0  9995
2 87214 100.3109 163.9957 0077074 343.6686  16.1980 13.78225183303954
UNKNOWN                 
1 87222U          20025.67205126  .00002297  00000+0  16548-3 0  9995
2 87222  98.9857 198.2340 0068507 290.0830 131.9248 15.03665349424925
UNKNOWN                 
1 87228U          20023.21302451  .00001429  00000+0  54785-3 0  9999
2 87228  98.9257 115.7532 0042696 303.0930  56.6157 14.31700868295899
UNKNOWN                 
1 87235U          20026.19094490  .00000605  00000+0  24546-3 0  9995
2 87235  98.8967 146.3384 0152471 315.8022  43.1058 14.25423427278927
UNKNOWN                 
1 87237U          20026.24676309  .00000064  00000+0  86543-4 0  9993
2 87237  99.4706  34.3694 0105013 295.3461 124.6954 13.89819776313314
UNKNOWN                 
1 87239U          20026.30244997  .00000770  00000+0  32499-3 0  9990
2 87239  82.8837  46.3340 0032205 135.0018 225.3784 14.24219054320566
UNKNOWN                 
1 87245U          20026.00768317  .00000331  00000+0  11291-3 0  9991
2 87245  65.6615 243.7946 0516652  69.9961  73.3879 13.92745127313631
UNKNOWN                 
1 87256U          20026.39466464  .00000205  00000+0  15071-3 0  9993
2 87256  98.9209 100.1957 0044698 310.0595  49.6657 14.05941118281770
UNKNOWN                 
1 87271U          20026.30036115  .00000492  00000+0  14802-3 0  9996
2 87271  65.7755  32.5112 0554528  69.2693 296.6883 13.87421576312260
UNKNOWN                 
1 87280U          20026.29219269 -.00000015  00000+0  10913-3 0  9998
2 87280  64.6172 135.6574 0098997  38.3023 322.4992 13.46775508244518
UNKNOWN                 
1 87293U          20026.12094705  .00000622  00000+0  18656-3 0  9995
2 87293  65.9112 287.0844 0519975  59.5420 305.5955 13.91978204313440
UNKNOWN                 
1 87300U          20024.31007089  .00000030  00000+0  63591-4 0  9994
2 87300 100.0585 145.5798 0034168 214.4212 145.4731 13.92358370313504
UNKNOWN                 
1 87304U          20026.08087840  .00000096  00000+0  22494-4 0  9996
2 87304  74.0189 169.8575 0021672 320.8254  39.1346 14.67929493330877
UNKNOWN                 
1 87305U          20025.70293441  .00000845  00000+0  17474-3 0  9994
2 87305  73.9971  38.7224 0036406 344.5297  15.4752 14.61598178159166
UNKNOWN                 
1 87313U          20024.74917160 -.00000014  00000+0  48057-4 0  9998
2 87313  65.8421 156.3453 0217641 315.7866  42.5987 13.88522335312892
UNKNOWN                 
1 87320U          20026.25881049  .00000346  00000+0  27453-3 0  9993
2 87320  66.5977 117.6710 0453763 329.9317  27.6376 13.61617796300817
UNKNOWN                 
1 87328U          20026.18200936  .00001761  00000+0  20124-3 0  9993
2 87328  65.7646 313.2530 0258327 331.4341  27.2811 14.68019286329423
UNKNOWN                 
1 87331U          20026.34476830  .00003370  00000+0  13897-3 0  9990
2 87331  66.9066 129.1986 0016991 356.7189   3.3845 15.25502810340850
UNKNOWN                 
1 87333U          20025.51097553 -.00000011  00000+0  58293-4 0  9991
2 87333  66.5373  69.3990 0023791 164.8194 195.3599 13.85816806312583
UNKNOWN                 
1 87334U          20026.11102637  .00000000  00000+0 -12893-4 0  9993
2 87334  89.9768 271.7954 0073031 238.9467 120.4505 13.56859803 92480
UNKNOWN                 
1 87335U          20026.14737426  .00001470  00000+0  19949-2 0  9995
2 87335  89.9658 271.3443 0087324 223.0401 136.3902 13.57354079 92518
UNKNOWN                 
1 87342U          20026.38518524  .00009023  00000+0  15639+0 0  9996
2 87342 102.6676 252.1732 0701292  62.1577 304.8684 11.26292124253367
UNKNOWN                 
1 87350U          20024.15294483  .00000265  00000+0  97982-4 0  9998
2 87350  98.0874 282.3234 0255103 117.6700 245.0619 14.22749935320225
UNKNOWN                 
1 87359U          20025.57596736  .00000054  00000-0  14899-3 0  9992
2 87359  65.8482 237.1447 0142219 225.1007 133.8438 13.66656741309288
UNKNOWN                 
1 87382U          20026.36639133  .00013448  00000+0  25708-2 0  9995
2 87382  70.9757 167.8325 0027297 265.3089  94.4941 14.63744840240443
UNKNOWN                 
1 87397U          20026.30699706  .00000867  00000+0  16590-3 0  9998
2 87397  81.2373 258.4166 0012992  15.7205 344.4396 14.63010181241640
UNKNOWN                 
1 87405U          20026.17733049  .00001213  00000+0  99069-3 0  9990
2 87405  82.7594 297.2464 0057508 345.3644  14.5851 13.88177514312633
UNKNOWN                 
1 87415U          20024.90161348  .00000772  00000+0  74444-3 0  9996
2 87415  65.3556 210.8765 0015440 101.5376 258.7422 13.86019189311868
UNKNOWN                 
1 87416U          20026.29021153  .00000870  00000+0  36422-3 0  9993
2 87416  82.8372 333.4556 0015039 201.0082 159.0485 14.24997563302072
UNKNOWN                 
1 87423U          20026.28306989  .00003241  00000+0  38496-3 0  9991
2 87423  98.8241 332.9578 0059269 299.9085  59.6247 14.84050844240869
UNKNOWN                 
1 87426U          20026.10897257  .00000715  00000+0  41797-3 0  9999
2 87426  65.8092 282.4047 0085861 330.6774  98.0793 14.12718801318139
UNKNOWN                 
1 87433U          20026.30522230  .00000363  00000+0  80538-3 0  9990
2 87433 100.2845 151.3023 0039060 348.1138  11.9061 13.35223617145571
UNKNOWN                 
1 87442U          20026.10260504  .00111810  00000+0  13884-1 0  9999
2 87442  62.0309 257.6912 0388965 112.2280 252.0518 14.40587166136605
UNKNOWN                 
1 87448U          20026.27511666  .00000721  00000+0  69141-3 0  9998
2 87448 100.4224 321.3948 0069823 326.5793  33.0960 13.83337494311763
UNKNOWN                 
1 87455U          20026.26424084  .00009059  00000+0  44492-3 0  9997
2 87455  63.3899 352.8311 3005254 249.5089  76.0815  9.34352250205375
UNKNOWN                 
1 87456U          20026.26591404  .00000180  00000+0  56205-4 0  9991
2 87456  65.7895 216.6459 0623543   3.7895 356.7580 13.85511710312181
UNKNOWN                 
1 87468U          20025.86553751  .00000982  00000+0  12802-3 0  9996
2 87468  74.0146 189.7848 0068337 140.1089 220.5140 14.80476112161109
UNKNOWN                 
1 87491U          20026.33415014  .00001301  00000+0  33903-3 0  9995
2 87491  98.6679  73.4899 0073157 240.8487 118.5371 14.49781454269945
UNKNOWN                 
1 87501U          20026.31985835  .00002120  00000+0  69692-3 0  9992
2 87501  74.0345 265.3457 0026159 146.5585 213.7228 14.38690619158326
UNKNOWN                 
1 87517U          20025.61800316  .00000120  00000+0  67862-4 0  9997
2 87517  65.8306 331.0798 0740958 247.4307 293.4197 13.45163583302930
UNKNOWN                 
1 87518U          20026.40245053  .00032574  00000+0  91508-3 0  9998
2 87518  65.7891 169.8952 0015206 282.7393  77.2051 15.36279544338502
UNKNOWN                 
1 87520U          20026.17510170  .00000311  00000+0  82342-3 0  9990
2 87520 101.6249  24.0677 0192048 326.3258  32.5771 13.20090791296415
UNKNOWN                 
1 87521U          20021.62260080  .00001871  00000+0  35261-3 0  9998
2 87521  63.3736 250.1563 2333180 311.8873  30.4756 10.45411281185226
UNKNOWN                 
1 87541U          20024.99420880 -.00000092  00000+0 -97152-4 0  9993
2 87541  99.9236 295.2752 0060892  36.0507 336.6083 13.34824073295306
UNKNOWN                 
1 87553U          20026.41155124  .00000062  00000+0  55320-4 0  9997
2 87553  65.6750  81.7317 0731635  95.3357 273.1531 13.41423223302432
UNKNOWN                 
1 87557U          20026.05846031  .00001732  00000+0  49345-2 0  9998
2 87557 101.8151 333.2855 0096289 356.0814   3.9527 13.11159554282295
UNKNOWN                 
1 87561U          20025.44418030  .00000002  00000+0  37767-3 0  9994
2 87561 102.2684  92.9930 0175470 246.0516 124.3695 12.32218565277845
UNKNOWN                 
1 87565U          20025.83422870 -.00000265  00000+0 -12456-3 0  9999
2 87565  99.9569 160.1744 0183425 189.1636 170.6162 14.00273206315489
UNKNOWN                 
1 87569U          20025.19023740 -.00000040  00000+0  34355-4 0  9998
2 87569 101.7997 115.1450 0056209 170.7491 219.7381 12.68464476286048
UNKNOWN                 
1 87574U          20026.02168719  .00005127  00000+0  82728-3 0  9999
2 87574  73.9982 238.2581 0068209  75.9751 284.8991 14.70121405216329
UNKNOWN                 
1 87587U          20023.60879860  .00000006  00000-0  10466-4 0  9993
2 87587  74.0252 113.3240 0021876 308.4184  51.5005 14.38809003324486
UNKNOWN                 
1 87590U          20023.03811785  .00000198  00000+0  14420-3 0  9990
2 87590  99.0430  58.1854 0027228 201.9468 189.4291 14.07422796852526
UNKNOWN                 
1 87591U          20026.16325792  .00000909  00000+0  45276-3 0  9999
2 87591  81.2215 198.9366 0031004 226.7833 133.0752 14.16003184268692
UNKNOWN                 
1 87594U          20026.32391798 -.00000011  00000+0  13472-3 0  9997
2 87594  63.1329 135.7750 0088857  85.5821 275.5348 13.44776279303350
UNKNOWN                 
1 87616U          20026.32479512  .00000578  00000+0  21253-2 0  9995
2 87616  66.0390  40.6082 0647335 331.3875  39.5811 12.44516612268827
UNKNOWN                 
1 87624U          20026.29901045  .00000169  00000+0  50158-4 0  9995
2 87624  98.7753 193.6816 0130317 335.0960  24.3981 14.52161017267597
UNKNOWN                 
1 87632U          20026.09212519  .00000346  00000+0  24089-1 0  9991
2 87632  86.1577 255.1163 1842062  86.5741 294.2923  8.77987672143739
UNKNOWN                 
1 87642U          20026.04729170  .00001880  00000+0  12801-3 0  9998
2 87642  62.2266 241.0409 0191237  26.1928 334.8682 14.96763585328937
UNKNOWN                 
1 87656U          20024.87822623  .00000340  00000+0  97516-4 0  9996
2 87656  99.1347  83.6637 0011406 356.0791   4.0310 14.51797673687338
UNKNOWN                 
1 87664U          20020.12323951 -.00000079  00000+0 -10572-3 0  9996
2 87664  99.7523  77.8726 0218623 228.8801 158.9544 13.05973112260158
UNKNOWN                 
1 87672U          20026.34725563  .00000054  00000+0  49595-4 0  9999
2 87672  70.8616 273.1969 0067026 277.7320  81.6196 14.17805639319419
UNKNOWN                 
1 87681U          20025.63184658  .00000079  00000+0  16671-3 0  9999
2 87681  66.7377 121.6338 0157958 140.3805 220.8931 13.66642081307976
UNKNOWN                 
1 87690U          20026.32060643  .00000388  00000+0  89645-4 0  9998
2 87690  65.8004  35.9487 0676122  34.1083 330.1565 13.76920494310174
UNKNOWN                 
1 87692U          20026.43265960  .00008595  00000+0  89591-3 0  9998
2 87692  70.8600  92.8219 0009277 248.5382 111.4790 14.90009725330830
UNKNOWN                 
1 87706U          20026.26979946  .00000206  00000+0  62673-4 0  9995
2 87706  98.4878 134.7060 0136621 335.2543  51.6807 14.47470704266817
UNKNOWN                 
1 87725U          20026.10003080  .00001219  00000+0  41260-3 0  9999
2 87725  82.8965 266.5646 0034628 340.9853  19.0041 14.35818941322948
UNKNOWN                 
1 87727U          20025.52684394  .00004433  00000+0  90347-3 0  9990
2 87727  70.9871 118.0930 0025905 266.6111  93.2073 14.61335794327134
UNKNOWN                 
1 87730U          20025.71497373  .00000020  00000+0  57434-5 0  9994
2 87730  82.9442  22.8426 0028814 227.0170 132.8570 13.74143870290300
UNKNOWN                 
1 87732U          20026.28007855  .00013994  00000+0  85587-3 0  9993
2 87732  98.6985 216.4039 0057806  31.7565 328.7125 15.08971289243773
UNKNOWN                 
1 87737U          20026.38241046 -.00000015  00000+0  32162-4 0  9994
2 87737  99.6843 243.8434 0133676 357.5490   2.4987 13.71976706309379
UNKNOWN                 
1 87764U          20025.51471817  .00000106  00000+0  51367-4 0  9997
2 87764  65.6757 113.6992 0482620  54.8903 320.9660 14.03240475315692
UNKNOWN                 
1 87771U          20025.32428546 -.00000042  00000+0  90401-5 0  9998
2 87771 100.5579 160.9115 0120848 199.2977 160.3539 13.18971491251817
UNKNOWN                 
1 87782U          20024.12003374  .00000182  00000+0  90682-3 0  9998
2 87782 102.4176 332.5002 0062238 254.8981 104.5217 12.89179379290083
UNKNOWN                 
1 87784U          20026.27891014  .00019622  00000+0  10280-2 0  9998
2 87784  62.1572 282.1478 1249489 242.4444 104.4264 12.92028836131537
UNKNOWN                 
1 87817U          20025.41058556  .00000805  00000+0  80751-4 0  9991
2 87817  62.7679 278.3168 0128114 260.5650  98.0944 14.94274727363920
UNKNOWN                 
1 87818U          20025.80284022  .00004219  00000+0  82348-3 0  9990
2 87818  61.8866 295.8081 3890024 144.4926 249.1150  7.51385333117546
UNKNOWN                 
1 87841U          20025.66598358  .00000304  00000+0  19311-3 0  9991
2 87841 102.8888 302.4714 0202104 284.8884  72.9967 14.06459024316338
UNKNOWN                 
1 87843U          20023.52961423  .00000256  00000+0  73211-3 0  9998
2 87843  99.6657 304.6744 0253211 326.0614  32.4518 13.09611883282216
UNKNOWN                 
1 87845U          20024.26268847  .00000366  00000+0  76709-3 0  9999
2 87845  98.8429  26.1260 0593777 135.6916 229.3327 12.83809881289005
UNKNOWN                 
1 87848U          20025.81699867  .00000070  00000+0  18791-4 0  9994
2 87848  74.0134 189.7286 0020091   8.0661 352.0826 14.65624707330330
UNKNOWN                 
1 87878U          20026.13225344  .00000367  00000+0  16515-3 0  9998
2 87878  99.1908 352.6780 0042976   3.6578 356.4908 14.28225070303961
UNKNOWN                 
1 87883U          20025.82324372  .00000033  00000+0  32875-4 0  9998
2 87883  99.3241 241.0616 0297697 283.0900  73.7204 14.11896332268980
UNKNOWN                 
1 87884U          20025.25864097 -.00000067  00000+0 -14788-4 0  9991
2 87884  98.5056 206.5542 0157057   2.3206 357.8657 14.04324921316700
UNKNOWN                 
1 87898U          20025.98136194  .00001586  00000+0  60930-3 0  9990
2 87898  98.9415 223.5225 0135448  40.0090 321.0974 14.26983793320707
UNKNOWN                 
1 87934U          20023.93302292  .00000041  00000+0  28776-4 0  9996
2 87934  82.9361  87.9006 0029523 249.6378 233.3729 13.72766156309333
UNKNOWN                 
1 87942U          20025.51870458  .00000589  00000+0  72158-4 0  9995
2 87942  99.0969 231.2372 0149009 106.1252 286.2281 14.80495527326818
UNKNOWN                 
1 87970U          20026.39258734  .00009754  00000+0  56292-3 0  9993
2 87970  99.0356 185.2606 0043707 186.2878 173.7805 15.11804209284156
UNKNOWN                 
1 87972U          20013.48849619  .00001177  00000+0  46039-3 0  9998
2 87972  98.8122 284.7425 0170525 204.3562 154.9489 14.23815177266978
UNKNOWN                 
1 87991U          20026.21846715  .00003069  00000+0  60199-2 0  9992
2 87991  28.6302 219.8532 0924624 246.0533 104.0512 12.29506859258204
UNKNOWN                 
1 87997U          20026.25012352  .00085818  40222-5  24664-2 0  9999
2 87997  63.1591 274.6320 1570118  17.4777 347.4464 12.35243143247426
UNKNOWN                 
1 87998U          20023.88855260  .00000113  00000+0  92212-4 0  9994
2 87998  98.7986  81.4201 0027955 209.5071 150.4521 14.07726958246153
UNKNOWN                 
1 88028U          20026.02716648  .00000162  00000+0  86323-3 0  9993
2 88028  21.2602 309.1080 7068659 103.0298 338.2057  2.44208363 50045
UNKNOWN                 
1 88049U          20026.11308142  .00000154  00000+0  41997-2 0  9990
2 88049  64.5771  27.4830 5450419  52.4435   2.3518  4.30572020 97127
UNKNOWN                 
1 88069U          20026.22837194  .00008773  00000+0  16483-2 0  9995
2 88069  23.0632  54.4892 6003211 209.3886  96.3973  4.03949671129440
UNKNOWN                 
1 88079U          20025.58338044  .00009339  00000-0  14638-2 0  9994
2 88079  20.6729 159.9572 4804207  35.3474 348.6022  5.94972888 98157
UNKNOWN                 
1 88096U          20025.32415161  .00013098  00000+0  90463-2 0  9997
2 88096  65.0828 147.9192 5222367 152.6304 249.0100  5.13421097144763
UNKNOWN                 
1 88107U          20026.03218665  .00001093  00000+0  14119-2 0  9995
2 88107  20.3109 193.3211 6761271  61.0626 349.7949  2.88039353 45333
UNKNOWN                 
1 88110U          20025.77350393  .00501173  00000+0  52915-2 0  9994
2 88110  23.7596 178.6321 3263959 269.4601  53.7679  8.98044325 79405
UNKNOWN                 
1 88117U          20025.64932753 -.00000041  00000+0 -19238-4 0  9996
2 88117  20.3889 193.2784 4900979 348.1457   3.4987  5.58382385 97409
UNKNOWN                 
1 88153U          20026.09458231 -.00000046  00000+0  00000+0 0  9996
2 88153  63.5099   7.2524 6350421 240.1040  42.9595  2.98394098 54949
UNKNOWN                 
1 88173U          20025.73473545  .00000329  00000+0  25939-3 0  9998
2 88173  99.1600 314.9147 0157301 221.5369 137.3751 13.93059880301555
UNKNOWN                 
1 88203U          20026.04486187  .00022574  00000+0  29388-2 0  9990
2 88203  64.6057 273.4202 5917326   6.4644 358.7406  4.18585475 57235
UNKNOWN                 
1 88216U          20025.35510276 -.00001564  00000+0 -51864-2 0  9996
2 88216  21.7326 101.9109 6642266 111.3389 328.1722  2.97515297 50699
UNKNOWN                 
1 88230U          20025.67232033  .00010418  00000+0  39391-2 0  9996
2 88230  49.0177 178.7123 5589657  80.3906 335.5708  4.61902743 78744
UNKNOWN                 
1 88238U          20026.00371123  .00001320  00000+0  12216-2 0  9995
2 88238  21.5033 255.6137 7045199 188.3498 146.3375  2.53437315 50344
UNKNOWN                 
1 88241U          20022.58368416  .00007372  00000+0  14310-2 0  9999
2 88241  62.4987  96.0399 4065599 143.8340 252.0429  7.20129600 25826
UNKNOWN                 
1 88255U          20025.70533842  .00010156  00000+0  51554-3 0  9994
2 88255  20.3188 168.0065 4807752  42.3403 346.1319  6.02675634104525
UNKNOWN                 
1 88269U          20026.00535296  .00000030  00000+0  00000+0 0  9994
2 88269  62.8950 182.7392 4661023 272.7386  51.1385  5.35415292121029
UNKNOWN                 
1 88270U          20026.28752977 -.00000027  00000+0  65176-3 0  9999
2 88270  49.3624 350.9668 6504308 322.5238   6.3106  3.14187879 56312
UNKNOWN                 
1 88271U          20026.25029191  .00000170  00000+0  16460-1 0  9990
2 88271  64.1295 142.9669 5490307 260.7473  61.7758  3.90219660 88128
UNKNOWN                 
1 88288U          20025.79701324  .00226590  00000+0  68240-2 0  9991
2 88288  20.6867 313.7069 4515677 120.7761 291.3516  6.56727234  9360
UNKNOWN                 
1 88313U          20025.99098450  .00000731  00000+0  10820-2 0  9999
2 88313  20.1934 233.8045 6833669 348.8422   1.5749  2.78454308 61274
UNKNOWN                 
1 88323U          20023.55387636 -.00000041  00000+0  00000+0 0  9998
2 88323  18.1128 175.6430 6619444 169.1416 219.2157  1.96384136 34998
UNKNOWN                 
1 88342U          20026.37651879  .00001922  00000+0  12200-2 0  9991
2 88342  20.9128  39.8580 5213890  22.0194 354.0324  5.15638816 86141
UNKNOWN                 
1 88355U          20025.66104221 -.00000035  00000+0  00000+0 0  9997
2 88355  19.9235 197.9846 6965544  33.9750 355.4211  2.24713703 37325
UNKNOWN                 
1 88700U          20016.78512403 -.00000334  00000+0  00000+0 0  9991
2 88700  71.3467 217.4271 6404765 157.6693 252.1261  2.03936236165449
UNKNOWN                 
1 88703U          20026.16242751  .00000765  00000+0  00000+0 0  9990
2 88703  71.7136 185.6011 5928606 216.0309  83.7036  2.00787088 45301
UNKNOWN                 
1 88710U          20026.07534736  .00000042  00000+0 -59174-4 0  9995
2 88710  63.4927 256.8510 5695125 250.4774 327.4195  4.16110947 93866
UNKNOWN                 
1 88716U          20025.56629917  .00000013  00000-0  17012-3 0  9992
2 88716  63.6419 231.5828 3881115 318.3584  30.4109  6.85070579154575
UNKNOWN                 
1 89003U          20025.29459328  .00000011  00000+0  13095-4 0  9994
2 89003  74.0486 350.3136 0017044 221.2456 138.7409 14.34615659323341
UNKNOWN                 
1 89005U          20026.36520210  .00000349  00000+0  10561-3 0  9992
2 89005  97.9035 354.7166 0224573  65.0019 297.4309 14.34084330225567
UNKNOWN                 
1 89029U          20026.32282812  .00000200  00000+0  35093-4 0  9991
2 89029  98.2587 212.0164 0032183  71.7731 288.6977 14.78136938332890
UNKNOWN                 
1 89037U          20023.28369098  .00000273  00000+0  18731-3 0  9993
2 89037  98.4021  37.6531 0140584 137.5471 223.6672 14.01977264220191
UNKNOWN                 
1 89048U          20026.30023696  .00001779  00000+0  44463-3 0  9995
2 89048  98.9107 208.6148 0007861   5.4331 354.6946 14.52839475325456
UNKNOWN                 
1 89067U          20025.15365948  .00001883  00000+0  62912-4 0  9993
2 89067  80.9893 100.8593 0616300 334.4813  22.7076 14.34739246271554
UNKNOWN                 
1 89074U          20025.69668468  .00001122  00000+0  14022-2 0  9996
2 89074 100.2975 351.0062 0058777  25.3172 149.4000 13.66230341295064
UNKNOWN                 
1 89091U          20025.64601047  .00000177  00000+0  16177-3 0  9993
2 89091  82.9440 168.5447 0031198 296.6099  63.1863 13.77859938290574
UNKNOWN                 
1 89101U          20025.24072548  .00000260  00000+0  90785-3 0  9999
2 89101 100.2199  29.6304 0147336 236.6608 122.0320 13.03566336274876
UNKNOWN                 
1 89123U          20026.13024022  .00001032  00000+0  53500-3 0  9998
2 89123  99.0759  99.3203 0066064 246.6276 112.7938 14.16038734222414
UNKNOWN                 
1 89127U          20026.00968584  .00001389  00000+0  16616-3 0  9990
2 89127  74.0714 278.3051 0047659 170.4008 189.8094 14.84423008172710
UNKNOWN                 
1 89132U          20024.87463519  .00001036  00000+0  90965-3 0  9995
2 89132  63.3847 353.5434 3078233 317.0363  22.6728  8.71513452136667
UNKNOWN                 
1 89135U          20025.67043863  .00000906  00000+0  47249-3 0  9995
2 89135  71.0495 147.8527 0139236 284.1610  74.4075 14.12307487317931
UNKNOWN                 
1 89140U          20025.99017804  .00007123  00000+0  23847-2 0  9997
2 89140  98.7726  49.6690 0004999 346.3856  13.7194 14.37648106180490
UNKNOWN                 
1 89142U          20025.43741527  .00002879  00000+0  22680-2 0  9991
2 89142  64.9809 200.1953 3398542 343.4202   7.7795  8.16266804125277
UNKNOWN                 
1 89143U          20026.35158622  .00050782  00000+0  10784-1 0  9999
2 89143  65.1247 294.7244 0760365 356.9761   2.6815 13.53840482 98241
UNKNOWN                 
1 89146U          20026.31717401  .00000081  00000+0  31892-4 0  9997
2 89146  98.1027 341.4296 0119872 186.8582 173.0977 14.47272586317306
UNKNOWN                 
1 89158U          20026.33999011  .00001708  00000+0  21371-3 0  9998
2 89158  98.8354 347.5374 0097373 265.5963  93.4116 14.80646848172102
UNKNOWN                 
1 89161U          20026.11950110  .00000381  00000+0  62317-4 0  9997
2 89161  97.8356  80.2301 0134218 272.1441  86.4402 14.70883301230058
UNKNOWN                 
1 89171U          20026.04907616  .00001938  00000+0  20645-3 0  9999
2 89171  99.0125 123.9949 0064148 342.6091  17.2925 14.88923771233553
UNKNOWN                 
1 89172U 81053    20025.31158110  .00000588  00000+0  14032-3 0  9996
2 89172  82.0811 351.8556 0422999 141.6972 221.5069 14.09133080297076
UNKNOWN                 
1 89177U          20025.37826664  .00000056  00000+0  44248-4 0  9999
2 89177  82.9199  61.3467 0032387   0.4247 359.6930 13.73370287768051
UNKNOWN                 
1 89183U          20026.29519385  .00000182  00000+0  20523-3 0  9996
2 89183  99.1515 329.0271 0134444  97.5169 264.1279 13.78886076310810
UNKNOWN                 
1 89184U          20026.32855910  .00000748  00000+0  26229-3 0  9995
2 89184  98.5051 220.7446 0019880 180.0607 180.0581 14.37785213181322
UNKNOWN                 
1 89195U          20025.58445178  .00000525  00000+0  25166-3 0  9997
2 89195  98.8352  81.1128 0027963 350.0798   9.9824 14.23084806221361
UNKNOWN                 
1 89206U          20026.28750514  .00000851  00000+0  38952-3 0  9990
2 89206  98.7553  45.0845 0029770 300.1814  59.6416 14.23824282179545
UNKNOWN                 
1 89213U          20026.28195713 -.00000043  00000+0 -16717-6 0  9995
2 89213  98.8280 334.7813 0232951 231.4527 126.5550 13.88942088154370
UNKNOWN                 
1 89218U          20025.46530840  .00000052  00000+0  96806-4 0  9996
2 89218 100.3477 107.0495 0107144 124.7603 236.3688 13.79385290296985
UNKNOWN                 
1 89255U          20025.58212296  .00000137  00000+0  22088-3 0  9996
2 89255  98.6429  74.1105 0366386 123.3060 240.3724 13.36858050207778
UNKNOWN                 
1 89261U          20026.40885982  .00000082  00000+0  40188-4 0  9994
2 89261  98.3226  82.8590 0014210 160.6616 199.5115 14.39004392224727
UNKNOWN                 
1 89281U          20026.32310473  .00001349  00000+0  42488-3 0  9996
2 89281  99.3417  56.4898 0017161  39.6570 332.2582 14.42156671324022
UNKNOWN                 
1 89285U          20026.06078698  .00048115  00000+0  25810-2 0  9992
2 89285  62.9127 222.3380 2416230  55.3151 325.2358 10.50072885117664
UNKNOWN                 
1 89304U          20026.03047319  .00000054  00000+0  47045-3 0  9992
2 89304  85.1873 236.4702 2478182  95.9155  37.3795  8.83743629247432
UNKNOWN                 
1 89314U          20025.39326406  .00000340  00000+0  93790-3 0  9994
2 89314  19.4878   1.4270 7158592  54.5811 352.8816  2.36008466 36275
UNKNOWN                 
1 89327U          20024.95427202  .00000410  00000+0  34454-3 0  9995
2 89327  82.5326 257.0647 0010640  77.9558 282.2795 13.85841133176602
UNKNOWN                 
1 89341U          20025.29174526  .00006773  00000+0  20448-3 0  9993
2 89341  98.1579 335.3212 0010552 221.6910 138.3527 15.34606962290461
UNKNOWN                 
1 89347U          20026.22796387  .00002528  00000+0  53457-3 0  9998
2 89347  86.2917 203.8799 0032834 318.0116 166.4609 14.58626792183109
UNKNOWN                 
1 89349U          20025.50999865 -.00000151  00000-0 -56007-3 0  9993
2 89349  90.2979 315.8096 0029893 140.3890 219.9421 12.95425571200550
UNKNOWN                 
1 89379U          20026.31085672 -.00000575  00000+0 -86296-3 0  9990
2 89379 100.4851 248.3065 0054163 283.4904  76.0194 13.46658077290548
UNKNOWN                 
1 89381U          20025.23234549  .00003349  00000+0  70049-3 0  9991
2 89381  98.7962 128.5261 0076333 316.5422  42.9775 14.58739518161386
UNKNOWN                 
1 89389U          20026.14711433  .00000594  00000+0  97573-4 0  9993
2 89389  74.0514 327.9345 0086457 210.0959 149.5231 14.70679372225975
UNKNOWN                 
1 89390U          20026.10997963  .00003046  00000+0  33479-3 0  9994
2 89390  98.9723  85.5491 0040482 315.5546  44.2421 14.87979554313281
UNKNOWN                 
1 89391U          20026.03324899  .00000864  00000+0  88212-4 0  9990
2 89391  97.4028 230.0477 0208512   0.8541 359.2987 14.78357488107490
UNKNOWN                 
1 89395U          20026.11833541 -.00000038  00000+0  45080-4 0  9992
2 89395 102.4286  92.6410 0227163 179.8038 209.5287 12.01106733266863
UNKNOWN                 
1 89400U          19365.30095697 -.00000019  00000+0  00000+0 0  9993
2 89400  63.1731 313.5519 2554894  82.8622 305.2789  8.16392717171373
UNKNOWN                 
1 89410U          20025.40073514  .00000214  00000+0  20579-3 0  9997
2 89410  82.9438  20.1054 0026468 217.5788 142.3519 13.75789345291643
UNKNOWN                 
1 89438U          20024.15124874  .00006758  00000+0  63032-3 0  9994
2 89438  86.3711 180.9418 0014391 265.2173  94.7413 14.93999325225499
UNKNOWN                 
1 89453U          20026.34897224  .00001710  00000+0  13108-3 0  9992
2 89453  97.2882 240.4314 0152824 236.4017 122.2540 14.94310337185476
UNKNOWN                 
1 89460U          20026.30887072  .00000366  00000+0  81629-3 0  9995
2 89460 100.3066 150.3693 0047490 350.9890   9.0377 13.34614090146378
UNKNOWN                 
1 89483U          20025.44962956  .00000512  00000+0  66463-4 0  9992
2 89483  99.4699 281.3039 0272593 127.6614 234.9651 14.63778865181826
UNKNOWN                 
1 89490U          20026.24211071  .00001304  00000+0  66216-3 0  9999
2 89490  98.3493  38.1436 0132334   6.2618 354.0172 14.13080791175449
UNKNOWN                 
1 89492U          20025.16977106  .00000256  00000+0  18406-3 0  9992
2 89492  82.5339   1.2244 0029391   6.0457 354.1056 13.93316200267640
UNKNOWN                 
1 89493U          20026.29533558  .00000206  00000+0  14957-3 0  9999
2 89493  99.1834  46.3728 0092634 283.6842  75.4024 14.05549837161541
UNKNOWN                 
1 89494U          20026.01577671  .00000199  00000+0  14572-3 0  9998
2 89494  99.1837  46.1028 0092928 284.5831  74.5044 14.05536336161362
UNKNOWN                 
1 89496U          20025.36599852  .00002380  00000+0  32821-3 0  9993
2 89496  98.8902 356.5604 0098089 329.5714  29.9822 14.76073499161402