GOES 1 (SMS-C) [-]      
1 08366U 75100A   20026.21635090 -.00000226  00000-0  00000+0 0  9992
2 08366  10.2653 306.7946 0005079 342.8065 192.6956  1.00271079161807
GOES 2 [-]              
1 10061U 77048A   20026.26048390 -.00000189  00000-0  00000-0 0  9995
2 10061  11.6905 316.7345 0017843 355.2151 199.2542  0.99396422 23074
GOES 3 [-]              
1 10953U 78062A   20026.34669703 -.00000055  00000-0  00000+0 0  9999
2 10953  11.9315 320.6758 0004565   7.7529 189.0205  0.99358260105408
GOES 4 [-]              
1 11964U 80074A   20026.99684797 -.00000025  00000-0  00000+0 0  9996
2 11964  12.8052 324.4207 0035880  39.5082 145.3310  0.99230969104474
GOES 5 [-]              
1 12472U 81049A   20027.20018932 -.00000287  00000-0  00000+0 0  9991
2 12472  13.3188 335.0530 0004724 334.6639 180.7832  1.00286673 99574
GOES 6 [-]              
1 14050U 83041A   20026.32512497 -.00000268  00000-0  00000+0 0  9995
2 14050  13.7121 340.1096 0003001   5.1181 181.7704  1.00280403192659
GOES 7 [-]              
1 17561U 87022A   20026.19819740 -.00000230  00000-0  00000-0 0  9994
2 17561  14.8693 356.2713 0008446 352.1394 187.3798  0.99907850103643
GOES 8 [-]              
1 23051U 94022A   20026.27016712 -.00000251  00000-0  00000-0 0  9993
2 23051  12.4072  30.6796 0008884 305.5329 226.6335  0.98907367101047
GOES 9 [-]              
1 23581U 95025A   20026.17359684 -.00000017  00000-0  00000-0 0  9992
2 23581  11.8957  30.5859 0002928 351.4382  22.1771  0.98799652 89708
GOES 10 [-]             
1 24786U 97019A   20026.40079175 -.00000237  00000-0  00000-0 0  9999
2 24786  10.4383  36.1296 0026120 191.0603 352.6247  0.99124857 82932
GOES 11 [-]             
1 26352U 00022A   20026.14480895  .00000053  00000-0  00000-0 0  9999
2 26352   6.8727  66.0381 0005253 228.7867 314.0357  0.99039374 29355
GOES 12 [-]             
1 26871U 01031A   20026.71354101  .00000052  00000-0  00000+0 0  9997
2 26871   7.9882  53.6641 0010221 266.8096 105.9972  0.99136127 67608
GOES 13 [B]             
1 29155U 06018A   20026.21230122 -.00000126  00000-0  00000+0 0  9999
2 29155   0.3407  93.5301 0008552 176.5157  16.5758  0.99974237 50109
GOES 14 [S]             
1 35491U 09033A   20027.17609663 -.00000099  00000-0  00000+0 0  9994
2 35491   0.0450 266.0145 0010942 327.6198 211.4700  1.00272038 38761
GOES 15 [+]             
1 36411U 10008A   20026.75096527  .00000049  00000-0  00000+0 0  9997
2 36411   0.0694 260.1026 0001229 237.0577 130.3168  1.00277549 36262
GOES 16 [+]             
1 41866U 16071A   20026.35623750 -.00000255  00000-0  00000+0 0  9993
2 41866   0.0423  95.9701 0000428 266.2788 175.8875  1.00273088 11709
GOES-S [+]              
1 43226U 18022A   20026.74424475  .00000092  00000-0  00000-0 0  9998
2 43226   0.0297 100.0730 0000249 239.8271 276.2834  1.00271779  7019