SCD 1                   
1 22490U 93009B   20026.78510753  .00000201  00000-0  49228-5 0  9997
2 22490  24.9685 190.9794 0042906 322.2591 137.2889 14.44567905423638
TECHSAT 1B (GO-32)      
1 25397U 98043D   20026.35494953 -.00000020  00000-0  10418-4 0  9993
2 25397  98.7143 329.0583 0002315 102.0900 258.0538 14.23678166119199
SCD 2                   
1 25504U 98060A   20026.44571753  .00000211  00000-0  85413-5 0  9995
2 25504  24.9970  42.2215 0017113 339.8880 169.9480 14.44084621122621
LANDSAT 7               
1 25682U 99020A   20027.20425177  .00000001  00000-0  10021-4 0  9991
2 25682  98.1025  93.9399 0001016  81.2849 278.8479 14.57164748105527
DLR-TUBSAT              
1 25757U 99029B   20027.21443887 -.00000019  00000-0  68208-5 0  9993
2 25757  98.4222 314.4543 0013221 262.2042  97.7652 14.51414292 94851
TERRA                   
1 25994U 99068A   20027.23056983 -.00000012  00000-0  74886-5 0  9990
2 25994  98.2067 103.4737 0001550 106.8259 253.3131 14.57087761 69605
MAROC-TUBSAT            
1 27004U 01056D   20027.13948734 -.00000040  00000-0  42651-5 0  9993
2 27004  99.4930 162.4392 0020172  26.2119  78.6282 13.70138387906682
AQUA                    
1 27424U 02022A   20026.84183880  .00000072  00000-0  26132-4 0  9992
2 27424  98.2204 329.4832 0002850  74.6208 305.9313 14.57107179943157
IRS-P6 (RESOURCESAT-1)  
1 28051U 03046A   20027.10148157 -.00000026  00000-0  58487-5 0  9993
2 28051  98.4992 106.2774 0059332  89.4875 271.3111 14.34161943845985
SHIYAN 1 (SY-1)         
1 28220U 04012A   20027.00173083  .00000389  00000-0  36207-4 0  9996
2 28220  97.8350 355.0593 0005303  12.7555 347.3801 14.99980813859374
FORMOSAT-2 (ROCSAT 2)   
1 28254U 04018A   20027.15225476 -.00000286  00000-0 -16407-3 0  9996
2 28254  98.7328  67.2153 0002301  53.5764 352.8633 14.00670115802140
AURA                    
1 28376U 04026A   20026.43156299  .00000057  00000-0  22680-4 0  9991
2 28376  98.2209 331.2384 0001376  74.7808 285.3542 14.57109737826091
IRS-P5 (CARTOSAT-1)     
1 28649U 05017A   20027.13822123  .00000005  00000-0  69948-5 0  9991
2 28649  97.8308  98.9422 0001894 140.2603 219.8751 14.83676403797411
SINAH 1                 
1 28893U 05043D   20027.07265635 -.00000013  00000-0  65272-5 0  9999
2 28893  98.0010 161.8945 0015920  34.8212 325.4028 14.61521302759786
EROS B                  
1 29079U 06014A   20027.19926943  .00001246  00000-0  53658-4 0  9996
2 29079  97.4398 149.1160 0004635  76.6951 331.5694 15.24452715763590
RESURS-DK 1             
1 29228U 06021A   20027.01426402  .00000008  00000-0  80190-5 0  9993
2 29228  69.9343 190.6016 0007110 299.7346  60.3107 15.02503740751356
ARIRANG-2 (KOMPSAT-2)   
1 29268U 06031A   20027.19769711  .00000030  00000-0  15086-4 0  9996
2 29268  98.0078 277.9333 0015914 237.9692 121.9962 14.62254143720420
LAPAN-TUBSAT            
1 29709U 07001A   20027.19644884 -.00000019  00000-0  42060-5 0  9998
2 29709  97.8404 349.4902 0011815 211.7210 148.3303 14.82203936705295
CARTOSAT-2 (IRS-P7)     
1 29710U 07001B   20027.18426738 -.00000195  00000-0 -19588-4 0  9999
2 29710  97.9381  88.6946 0002337  95.0304 265.1187 14.78693046704172
HAIYANG-1B              
1 31113U 07010A   20027.11537112 -.00000026  00000-0  64604-5 0  9993
2 31113  98.4250  74.2947 0012684 272.9645  87.0086 14.30236328667817
COSMO-SKYMED 1          
1 31598U 07023A   20027.16565422  .00000105  00000-0  19755-4 0  9997
2 31598  97.8836 212.3823 0001386  84.6482 275.4871 14.82158457683758
TERRASAR-X              
1 31698U 07026A   20027.27908859 -.00002352  00000-0 -10887-3 0  9992
2 31698  97.4461  36.3172 0001772  94.5456 319.8680 15.19145350699713
WORLDVIEW-1 (WV-1)      
1 32060U 07041A   20026.92928729  .00000494  00000-0  23001-4 0  9998
2 32060  97.3842 148.6917 0002026  87.0249 273.1220 15.24434110687544
YAOGAN 3                
1 32289U 07055A   20027.21780869  .00000317  00000-0  47817-4 0  9995
2 32289  97.9977  42.4261 0001821  94.2475 265.8939 14.80996889659932
COSMO-SKYMED 2          
1 32376U 07059A   20027.19939987 -.00000197  00000-0 -18234-4 0  9999
2 32376  97.8841 212.4164 0001508  84.9165 275.2213 14.82152355656507
RADARSAT-2              
1 32382U 07061A   20027.16489197  .00000214  00000-0  10000-3 0  9999
2 32382  98.5757  35.8153 0001127  96.5031  29.0769 14.29986025632630
CARTOSAT-2A             
1 32783U 08021A   20027.16429092  .00000065  00000-0  15873-4 0  9997
2 32783  97.9447  89.1471 0014441 107.7151 252.5644 14.78660954634114
RAPIDEYE 2              
1 33312U 08040A   20026.70029676  .00001407  00000-0  15023-3 0  9997
2 33312  97.7150  94.4157 0013520 101.2627 259.0208 14.90310626616554
RAPIDEYE 5              
1 33313U 08040B   20027.19518562  .00008985  00000-0  92459-3 0  9995
2 33313  97.7166  93.8884 0019630   3.4389 356.6297 14.90381088616572
RAPIDEYE 1              
1 33314U 08040C   20027.18395865  .00024636  00000-0  25189-2 0  9990
2 33314  97.7259  94.8975 0023631 125.5739 234.5793 14.90328524616615
RAPIDEYE 3              
1 33315U 08040D   20026.74810771  .00000322  00000-0  38776-4 0  9994
2 33315  97.7201  93.3653 0015798  70.3436 289.9449 14.90302362616519
RAPIDEYE 4              
1 33316U 08040E   20026.73640214 -.00008571  00000-0 -87675-3 0  9994
2 33316  97.7235  93.3303 0013191  26.8673 333.2686 14.90293287616503
HUANJING 1A (HJ-1A)     
1 33320U 08041A   20027.14230297  .00000008  00000-0  83109-5 0  9997
2 33320  97.8101  83.8715 0025703 176.5187 183.6212 14.77066660613593
HUANJING 1B (HJ-1B)     
1 33321U 08041B   20027.15266909  .00000103  00000-0  21653-4 0  9999
2 33321  97.8177  86.0071 0034393 197.4252 162.5785 14.77193274613590
GEOEYE 1                
1 33331U 08042A   20027.19587505 -.00000047  00000-0  16727-6 0  9999
2 33331  98.1201 103.5186 0010065 138.9076 221.2893 14.64372024608718
THEOS                   
1 33396U 08049A   20027.27036661 -.00000044  00000-0  00000+0 0  9995
2 33396  98.7556  96.0096 0000944 123.6527 309.3659 14.20012253586889
COSMO-SKYMED 3          
1 33412U 08054A   20027.18243931 -.00000330  00000-0 -34927-4 0  9999
2 33412  97.8839 212.4002 0001307  89.0352 271.1000 14.82144812608963
YAOGAN 4                
1 33446U 08061A   20027.01090817  .00000034  00000-0  11657-4 0  9993
2 33446  97.7076 348.7460 0017637  82.9777 277.3439 14.77002255600806
GOSAT (IBUKI)           
1 33492U 09002A   20027.16321545  .00000049  00000-0  17056-4 0  9996
2 33492  98.0498 140.5046 0001428 107.7020 252.4340 14.67558653589746
YAOGAN 6                
1 34839U 09021A   20027.11631902  .00000294  00000-0  13622-4 0  9996
2 34839  97.0424  43.5664 0028388 164.8376 195.3721 15.26779855598091
DEIMOS-1                
1 35681U 09041A   20027.20209936  .00000045  00000-0  14788-4 0  9990
2 35681  97.8333 266.1856 0002526 118.4374 241.7088 14.71817958563460
DUBAISAT-1              
1 35682U 09041B   20027.09884509 -.00000131  00000-0 -14717-4 0  9993
2 35682  97.7249 213.4517 0011410 348.7952  11.2984 14.68770413562225
OCEANSAT-2              
1 35931U 09051A   20027.16986639  .00000066  00000-0  28005-4 0  9996
2 35931  98.2985 124.2920 0002733 112.0016 248.1469 14.50846470547784
WORLDVIEW-2 (WV-2)      
1 35946U 09055A   20027.22349151 -.00000018  00000-0  82637-5 0  9995
2 35946  98.4150 103.5182 0002524  80.5126 279.6362 14.37659464540587
SMOS                    
1 36036U 09059A   20027.13079827  .00000043  00000-0  27598-4 0  9991
2 36036  98.4411 216.1954 0001122  93.5486 266.5831 14.39775069537889
YAOGAN 7                
1 36110U 09069A   20027.10719368 -.00003100  00000-0 -44946-3 0  9997
2 36110  98.2683 219.8012 0024282 314.5355  45.3904 14.75126693545515
TANDEM-X                
1 36605U 10030A   20027.29008683 -.00000754  00000-0 -32713-4 0  9999
2 36605  97.4452  36.3309 0002235  99.7521  14.7864 15.19149094532454
CARTOSAT-2B             
1 36795U 10035A   20027.13285374  .00000005  00000-0  77831-5 0  9999
2 36795  97.9420  88.6859 0014182 177.5674 182.5622 14.78681674515155
YAOGAN 10               
1 36834U 10038A   20027.12795612  .00000036  00000-0  11420-4 0  9991
2 36834  97.9738  31.0963 0001647  85.4038 274.7361 14.80953029511667
COSMO-SKYMED 4          
1 37216U 10060A   20027.14453407  .00000058  00000-0  13849-4 0  9997
2 37216  97.8841 212.3614 0001514  77.8639 282.2774 14.82160143499046
RESOURCESAT-2           
1 37387U 11015A   20027.18514633 -.00000144  00000-0 -45808-4 0  9998
2 37387  98.6948 104.2786 0005223  78.5069 281.6705 14.21635313455225
HAIYANG 2A              
1 37781U 11043A   20027.00941453  .00000010  00000-0  53368-4 0  9992
2 37781  99.3165  37.1176 0001151  58.6103 301.5028 13.78723969425417
RASAT                   
1 37791U 11044D   20027.21678585  .00000005  00000-0  99961-5 0  9994
2 37791  98.1145 122.0970 0021926   1.7833 358.3461 14.64750822451425
MEGHA-TROPIQUES         
1 37838U 11058A   20026.44503774  .00000297  00000-0  18576-4 0  9997
2 37838  19.9766 154.7522 0009592  72.4774 287.6678 14.09668918360534
SRMSAT                  
1 37841U 11058D   20026.40174714  .00000282  00000-0  99640-5 0  9991
2 37841  19.9715 131.6436 0011941 111.6934 305.1952 14.10648374427941
YAOGAN 13               
1 37941U 11072A   20027.16800830  .00000251  00000-0  15611-4 0  9998
2 37941  97.5450 323.0347 0002038 139.1916 331.6742 15.18208117452383
PLEIADES 1A             
1 38012U 11076F   20027.17956156 -.00000065  00000-0 -42226-5 0  9994
2 38012  98.1782 103.6618 0001369 103.3281 256.8082 14.58562062431922
ZIYUAN 1-02C (ZY 1-02C) 
1 38038U 11079A   20027.12731236  .00000036  00000-0  28539-4 0  9996
2 38038  98.7127  78.7710 0006503 337.4786  22.6116 14.35273726424356
ZIYUAN 3 (ZY 3)         
1 38046U 12001A   20027.19723441  .00000382  00000-0  20122-4 0  9991
2 38046  97.4343 103.3980 0003194 357.3789  54.8557 15.21325692446998
ARIRANG-3 (KOMPSAT-3)   
1 38338U 12025B   20027.11825107  .00000010  00000-0  11523-4 0  9998
2 38338  98.1833 327.3801 0008857 221.0770 138.9765 14.61792454410535
KANOPUS-V 1             
1 38707U 12039A   20027.16151700  .00000254  00000-0  15300-4 0  9996
2 38707  97.4604 307.8487 0001635  82.5736  47.7247 15.19105331416900
EXACTVIEW-1 (ADS-1B)    
1 38709U 12039C   20027.04662064  .00000001  00000-0  21109-4 0  9999
2 38709  99.1256  55.0176 0011802  45.6863 314.5284 14.24009612390580
SPOT 6                  
1 38755U 12047A   20027.19611882 -.00000056  00000-0 -23230-5 0  9997
2 38755  98.1857  96.3228 0001482  98.5603 261.5774 14.58554309393005
PLEIADES 1B             
1 39019U 12068A   20027.14522798 -.00000057  00000-0 -25786-5 0  9995
2 39019  98.1769 103.5802 0001343  92.5611 267.5749 14.58559916380776
GOKTURK 2               
1 39030U 12073A   20027.17630079 -.00000003  00000-0  72639-5 0  9998
2 39030  97.9688 277.7444 0000291 148.5608 211.5613 14.72734095380960
LANDSAT 8               
1 39084U 13008A   20027.18417165  .00000023  00000-0  15165-4 0  9997
2 39084  98.2005  99.0641 0001176  82.0561 278.0777 14.57117630369984
SARAL                   
1 39086U 13009A   20026.84951291 -.00000024  00000-0  70974-5 0  9997
2 39086  98.5393 214.6001 0000775  35.4816 324.6419 14.32018901361597
GAOFEN 1                
1 39150U 13018A   20027.21575845  .00000021  00000-0  10328-4 0  9990
2 39150  97.8826 107.5632 0018181 214.4712 145.5323 14.76548726364022
VNREDSAT 1              
1 39160U 13021B   20027.18501647 -.00002048  00000-0 -39160-3 0  9997
2 39160  98.1623 105.4398 0000853  67.3161 292.8213 14.62896239359082
ARIRANG-5 (KOMPSAT-5)   
1 39227U 13042A   20027.14053877 -.00000643  00000-0 -41608-4 0  9997
2 39227  97.6183 213.2182 0001668  90.7742  46.5329 15.04508300353127
YAOGAN 18               
1 39363U 13059A   20027.18212888  .00000441  00000-0  24581-4 0  9994
2 39363  97.2697  81.2440 0002954  91.9550 344.5433 15.18364538346052
SKYSAT-1                
1 39418U 13066C   20027.15523382  .00000074  00000-0  10978-4 0  9991
2 39418  97.6342 109.7073 0020470 319.3669  40.6025 14.98904571337968
DUBAISAT-2              
1 39419U 13066D   20027.13872126  .00000412  00000-0  43633-4 0  9993
2 39419  97.5645  86.6722 0012901 329.3294  30.7149 14.94079293336925
GPM-CORE                
1 39574U 14009C   20027.13780708  .00001589  00000-0  27012-4 0  9996
2 39574  65.0048 275.6298 0011678 288.2333  71.7542 15.55976851335913
SENTINEL-1A             
1 39634U 14016A   20027.15604529 -.00000002  00000-0  91999-5 0  9995
2 39634  98.1818  36.1660 0001300  80.5066 279.6283 14.59199533309810
KAZEOSAT 1              
1 39731U 14024A   20027.21277836 -.00000031  00000-0  35167-5 0  9993
2 39731  98.3342 103.7753 0001445  84.5038 275.6323 14.42045634302389
ALOS-2                  
1 39766U 14029A   20027.21164558  .00000070  00000-0  16261-4 0  9997
2 39766  97.9212 125.8614 0001583  93.0836 267.0562 14.79471835306664
KAZEOSAT 2              
1 40010U 14033A   20027.16559599  .00000028  00000-0  10029-4 0  9992
2 40010  97.8211 286.4437 0017580  50.6291 309.6490 14.82093798303247
HODOYOSHI-4             
1 40011U 14033B   20027.19391452  .00000079  00000-0  16727-4 0  9995
2 40011  97.7939 279.4558 0028009  47.4457 312.9113 14.81160889302968
DEIMOS-2                
1 40013U 14033D   20027.15406219  .00000068  00000-0  14301-4 0  9995
2 40013  97.8282 292.3290 0002491  87.4466 272.7032 14.84612296303758
HODOYOSHI-3             
1 40015U 14033F   20027.14303598  .00000045  00000-0  12982-4 0  9990
2 40015  97.7583 267.8782 0038354  63.1716 297.3409 14.78572681302433
SPOT 7                  
1 40053U 14034A   20027.16163758 -.00000059  00000-0 -29405-5 0  9993
2 40053  98.2018  96.2687 0001143  79.7857 280.3480 14.58545314296936
SKYSAT-2                
1 40072U 14037D   20027.03838430  .00000078  00000-0  17561-4 0  9997
2 40072  98.4478 197.5370 0005557 223.3967 136.6807 14.81246137300169
WORLDVIEW-3 (WV-3)      
1 40115U 14048A   20027.19489141  .00000024  00000-0  89371-5 0  9995
2 40115  97.7932 106.3386 0002365  79.5327 280.6171 14.85093678295682
GAOFEN 2                
1 40118U 14049A   20027.20301216  .00000025  00000-0  99446-5 0  9992
2 40118  97.8539 107.6074 0006298 275.0868  84.9629 14.80641200294024
YAOGAN 21               
1 40143U 14053A   20027.20313334  .00000524  00000-0  24853-4 0  9992
2 40143  97.4590  95.0045 0017991  52.4639  12.5581 15.23536377299742
YAOGAN 22               
1 40275U 14063A   20027.04238897 -.00000045  00000-0  00000+0 0  9993
2 40275 100.4845 142.2579 0006834  75.8495 284.3296 13.15419252253042
ASNARO                  
1 40298U 14070A   20027.17690063  .00000486  00000-0  26001-4 0  9999
2 40298  97.4297 111.7356 0002041  88.0679 327.9320 15.19583439289735
HODOYOSHI-1             
1 40299U 14070B   20027.16146970  .00013896  00000-0  57716-3 0  9997
2 40299  97.3353 107.1319 0011198 343.1477  46.9533 15.23878950290141
QSAT-EOS                
1 40301U 14070D   20027.15895429  .00001156  00000-0  46701-4 0  9999
2 40301  97.3083 104.7919 0024687 335.9170  78.7342 15.26515906290222
YAOGAN 23               
1 40305U 14071A   20027.16198775  .00000509  00000-0  28358-4 0  9994
2 40305  97.5128 327.5868 0000714  73.4350  39.8772 15.17996595288145
YAOGAN 24               
1 40310U 14072A   20027.19412586  .00000024  00000-0  10780-4 0  9995
2 40310  97.8802 152.5569 0016230 221.3486 138.6500 14.76325736279549
CBERS 4                 
1 40336U 14079A   20027.18682543 -.00000034  00000-0  34011-5 0  9997
2 40336  98.5801  99.8249 0001559 115.3733 244.7619 14.35402705269273
RESURS P2               
1 40360U 14087A   20027.18666333  .00000421  00000-0  15401-4 0  9992
2 40360  97.2518 118.7526 0008602 345.9095  72.0154 15.33371979284515
YAOGAN 26               
1 40362U 14088A   20027.16957458  .00000633  00000-0  29319-4 0  9992
2 40362  97.2661  99.8106 0007422 279.1578 161.2862 15.23592834283208
SMAP                    
1 40376U 15003A   20027.16567825  .00000025  00000-0  13984-4 0  9996
2 40376  98.1232  35.7899 0002035  78.5028 281.6398 14.63367955266413
KOMPSAT-3A              
1 40536U 15014A   20027.16162353  .00000494  00000-0  32461-4 0  9994
2 40536  97.5743 328.3124 0007708 273.8193 199.8629 15.12108201267216
SENTINEL-2A             
1 40697U 15028A   20027.16547427 -.00000011  00000-0  12581-4 0  9993
2 40697  98.5656 103.4160 0001278  90.2921 269.8418 14.30819622240115
GAOFEN 8                
1 40701U 15030A   20027.21041734  .00000615  00000-0  28734-4 0  9994
2 40701  97.4555 150.4783 0008571 293.6942 182.4186 15.23505951255584
CARBONITE 1 (CBNT-1)    
1 40718U 15032D   20027.18382721  .00000075  00000-0  18652-4 0  9992
2 40718  97.8578 272.4803 0015953 314.4744  45.5158 14.74768191244840
YAOGAN 27               
1 40878U 15040A   20027.05890551 -.00000043  00000-0  11993-5 0  9997
2 40878 100.2574  79.9075 0008663 185.2880 174.8141 13.15964008212288
GAOFEN 9                
1 40894U 15047A   20027.16566389 -.00000004  00000-0  68094-5 0  9994
2 40894  97.9018 109.6829 0034366 145.5335 214.8116 14.76283299235480
LAPAN-A2                
1 40931U 15052B   20026.76763973  .00000553  00000-0 -11999-4 0  9995
2 40931   5.9962 272.8828 0012279  53.5953 306.5283 14.76624567234136
YAOGAN 28               
1 41026U 15064A   20026.88846088  .00001345  00000-0  59344-4 0  9991
2 41026  97.4333 159.8023 0001523 161.8798 297.5143 15.23492683235388
YAOGAN 29               
1 41038U 15069A   20027.16505889 -.00000017  00000-0  47351-5 0  9994
2 41038  97.9978  15.4749 0001776  49.7610 310.3748 14.80433288225225
KENT RIDGE 1            
1 41167U 15077B   20027.29442484  .00001112  00000-0  27817-4 0  9991
2 41167  14.9852  78.8798 0011180 207.2991 221.2432 15.09110497227271
TELEOS 1                
1 41169U 15077D   20026.39108799  .00001215  00000-0  32530-4 0  9993
2 41169  14.9820  72.2265 0009573 216.4002 250.3934 15.10421812227259
GAOFEN 4                
1 41194U 15083A   20027.18938126 -.00000340  00000-0  00000+0 0  9992
2 41194   0.0972 101.7378 0002260 112.5964  85.4674  1.00272774 15093
JASON-3                 
1 41240U 16002A   20026.78595982 -.00000022  00000-0  17136-3 0  9999
2 41240  66.0421 301.4766 0007825 272.5501  87.4619 12.80929931188289
SENTINEL-3A             
1 41335U 16011A   20027.13579269 -.00000007  00000-0  15309-4 0  9998
2 41335  98.6270  95.9141 0000899 110.1637 249.9640 14.26736517205388
SENTINEL-1B             
1 41456U 16025A   20027.12127561 -.00000002  00000-0  92823-5 0  9992
2 41456  98.1818  35.9577 0001311  83.7004 276.4346 14.59199419199970
ZIYUAN 3-2 (ZY 3-2)     
1 41556U 16033A   20027.17607206  .00000434  00000-0  22382-4 0  9996
2 41556  97.3786 105.2841 0004038 129.3545 312.4258 15.21379876203287
NUSAT-1 (FRESCO)        
1 41557U 16033B   20027.19340260  .00000826  00000-0  33225-4 0  9996
2 41557  97.4089 118.3670 0012471 226.5917 133.4285 15.27684762204059
NUSAT-2 (BATATA)        
1 41558U 16033C   20027.21063658  .00000893  00000-0  33715-4 0  9991
2 41558  97.4128 120.1735 0011557 224.5944 135.4367 15.29628606204149
CARTOSAT-2C             
1 41599U 16040A   20027.17184628  .00000178  00000-0  11712-4 0  9999
2 41599  97.4712  88.4430 0013277 353.5450  87.1436 15.19253996199493
SKYSAT-C1               
1 41601U 16040C   20027.20479522  .00000364  00000-0  18065-4 0  9992
2 41601  97.3757 107.4447 0002165  89.4332 322.9670 15.23698164199948
LAPAN-A3                
1 41603U 16040E   20027.12519128  .00000113  00000-0  83936-5 0  9994
2 41603  97.3316  84.9560 0013022 348.7825  92.7862 15.19789663199527
BIROS                   
1 41604U 16040F   20027.17364935  .00000260  00000-0  14436-4 0  9995
2 41604  97.3360  88.3701 0011429 331.8930  28.1688 15.21899342199732
GAOFEN 3                
1 41727U 16049A   20027.17814544 -.00000020  00000-0  72453-5 0  9995
2 41727  98.4131  36.7698 0001725  71.7461 288.3911 14.42214570182361
SKYSAT-C4               
1 41771U 16058B   20026.42857531  .00000359  00000-0  17902-4 0  9995
2 41771  97.3773  99.2045 0001974  86.4766 273.6697 15.23598455186760
SKYSAT-C5               
1 41772U 16058C   20027.17734035  .00000388  00000-0  19054-4 0  9994
2 41772  97.3767  99.4508 0002019  82.0177 330.3555 15.23685539186875
SKYSAT-C2               
1 41773U 16058D   20027.19486512  .00000294  00000-0  15171-4 0  9993
2 41773  97.3794 100.1718 0001468  94.2123 265.9282 15.23606497186889
SKYSAT-C3               
1 41774U 16058E   20027.14198371  .00000039  00000-0  45295-5 0  9990
2 41774  97.3804 100.1556 0002368  88.4099 271.7410 15.23700063186870
ALSAT 1B                
1 41785U 16059C   20027.11966326 -.00000002  00000-0  86539-5 0  9990
2 41785  98.0357  86.8610 0032237  43.3742 317.0005 14.63350296178087
PATHFINDER 1            
1 41787U 16059E   20027.13296263  .00000003  00000-0  96783-5 0  9992
2 41787  98.0402  87.7592 0031345  41.5703 318.7894 14.63708639178122
SCATSAT 1               
1 41790U 16059H   20027.26444816 -.00000043  00000-0  00000+0 0  9995
2 41790  98.1795  71.6352 0005715  11.3174 348.8195 14.50899199176604
WORLDVIEW-4 (WV-4)      
1 41848U 16067A   20025.84634378  .00003963  00000-0  10000-3 0  9992
2 41848  97.8466 123.4823 0009351 219.2319 140.7939 15.40483958174715
GOKTURK 1A              
1 41875U 16073A   20027.12445413  .00000006  00000-0  10363-4 0  9990
2 41875  98.1129 283.1333 0001397  82.4286 277.7074 14.62805980167753
RESOURCESAT-2A          
1 41877U 16074A   20027.20543236 -.00000016  00000-0  12415-4 0  9996
2 41877  98.6107  99.9897 0001696  91.1542 268.9841 14.21675189162837
CARTOSAT-2D             
1 41948U 17008A   20026.79256372  .00000365  00000-0  20444-4 0  9995
2 41948  97.3672  87.1333 0009163 123.3808 236.8293 15.19314765163309
SENTINEL-2B             
1 42063U 17013A   20027.20043326 -.00000018  00000-0  95889-5 0  9992
2 42063  98.5650 103.4456 0001136  85.7766 274.3551 14.30820091151038
ZHUHAI-1 02 (CAS 4B)    
1 42759U 17034B   20027.24029067  .00000031  00000-0  15418-4 0  9990
2 42759  43.0189  88.3608 0011899 221.1608 199.3019 15.09727377144475
NUSAT-3 (MILANESAT)     
1 42760U 17034C   20027.25047049 -.00000002  00000-0  13245-4 0  9998
2 42760  43.0173  87.5061 0011007 238.7523 171.6945 15.10191835144494
ZHUHAI-1 01 (CAS 4A)    
1 42761U 17034D   20027.19895338 -.00000014  00000-0  12669-4 0  9996
2 42761  43.0202  87.9809 0012318 221.6914 236.7518 15.09804996144466
CARTOSAT-2E             
1 42767U 17036C   20026.94251090  .00000253  00000-0  15242-4 0  9991
2 42767  97.4436  87.9443 0008975 166.1002 194.0481 15.19234320143893
FORMOSAT-5              
1 42920U 17049A   20027.16611054 -.00000062  00000-0 -44229-5 0  9999
2 42920  98.3126 107.9829 0011642  51.1423 309.0822 14.50868496128381
SENTINEL-5P             
1 42969U 17064A   20026.94398177 -.00000018  00000-0  12109-4 0  9993
2 42969  98.7229 328.1046 0001135  83.5437 276.5868 14.19548451118535
SKYSAT-C11              
1 42987U 17068A   20026.80207515  .00000527  00000-0  22415-4 0  9992
2 42987  97.3844 143.0326 0007801 161.8137 198.3382 15.27347771124183
SKYSAT-C10              
1 42988U 17068B   20026.84786192  .00000111  00000-0  63938-5 0  9995
2 42988  97.3538 142.9432 0002784 100.9086 259.2468 15.29841328124194
SKYSAT-C9               
1 42989U 17068C   20027.08753379  .00000933  00000-0  27192-4 0  9997
2 42989  97.2185 142.9531 0003687  98.3972 261.7691 15.37872883124419
SKYSAT-C8               
1 42990U 17068D   20027.12108916  .00000635  00000-0  22820-4 0  9997
2 42990  97.3267 143.6176 0003443  80.2489 279.9141 15.32274348124259
SKYSAT-C7               
1 42991U 17068E   20027.10595641  .00000637  00000-0  23098-4 0  9991
2 42991  97.3279 143.6009 0001690 154.2512 205.8814 15.31953784124251
SKYSAT-C6               
1 42992U 17068F   20027.10996379  .00000760  00000-0  24949-4 0  9998
2 42992  97.2948 143.8004 0004549 165.0652 195.0726 15.34633362124265
CARTOSAT-2F             
1 43111U 18004A   20027.19095876 -.00003156  00000-0 -14680-3 0  9998
2 43111  97.4060  89.8504 0004743 173.9817 261.2680 15.19233817113118
MICROSAT-TD             
1 43128U 18004T   20027.15118474  .00013282  00000-0  92869-4 0  9997
2 43128  96.7759  82.7447 0008145   3.5234 356.6088 15.74336778116959
NUSAT-4 (ADA)           
1 43195U 18015D   20027.16585825  .00000862  00000-0  38248-4 0  9993
2 43195  97.4199 157.0736 0016227 234.6919 248.9238 15.24202564110216
NUSAT-5 (MARYAM)        
1 43204U 18015K   20027.16957169  .00000859  00000-0  37898-4 0  9994
2 43204  97.4207 157.2342 0015629 237.8974 223.9524 15.24406677109820
GAOFEN 1-02             
1 43259U 18031A   20027.19996682  .00000023  00000-0  10649-4 0  9996
2 43259  97.9788 107.4215 0003137 297.0267  63.0636 14.76439413 98430
GAOFEN 1-03             
1 43260U 18031B   20027.17740358  .00000012  00000-0  91041-5 0  9997
2 43260  97.9782 107.4153 0005628  20.2309 339.9140 14.76440926 98422
GAOFEN 1-04             
1 43262U 18031D   20027.15471737  .00000038  00000-0  12771-4 0  9999
2 43262  97.9789 107.3501 0002792 315.4826  44.6168 14.76447575 98415
SENTINEL-3B             
1 43437U 18039A   20026.19662007  .00000001  00000-0  18560-4 0  9998
2 43437  98.6201  94.9108 0000704 116.8892 243.2360 14.26739435 91314
GAOFEN 5                
1 43461U 18043A   20027.12686730 -.00000026  00000-0  41296-5 0  9994
2 43461  98.1852 326.4446 0002921 104.1725 255.9797 14.57754076 91567
GAOFEN 6                
1 43484U 18048A   20027.18451612  .00000004  00000-0  79375-5 0  9993
2 43484  98.0002 108.4964 0010687 129.2098 231.0084 14.76472427 89121
GAOFEN 11               
1 43585U 18063A   20027.16296630  .00000408  00000-0  19993-4 0  9994
2 43585  97.3971 108.9659 0017115   2.7025  80.4943 15.23554614 83579
AEOLUS                  
1 43600U 18066A   20027.09573965  .00020928  00000-0  82528-4 0  9999
2 43600  96.7176  35.6128 0004547  85.8770 315.0762 15.86849367 82798
ICESAT-2                
1 43613U 18070A   20026.94509094  .00000290  00000-0  10297-4 0  9997
2 43613  92.0011  22.9853 0003039  99.2512 260.9081 15.28269122 76124
HYSIS                   
1 43719U 18096A   20027.17657308  .00000058  00000-0  14889-4 0  9993
2 43719  97.9229  96.7713 0009859 335.4867  24.5877 14.78707603 62648
KAZSTSAT                
1 43783U 18099AB  20026.88921513  .00000215  00000-0  25738-4 0  9996
2 43783  97.7356 100.6217 0007207 303.5491  56.5040 14.93585843 62550
SAUDISAT 5A             
1 43831U 18102A   20027.23851731  .00000448  00000-0  33198-4 0  9996
2 43831  97.5853 105.2525 0013002 284.7394 140.3842 15.07984596 62702
SAUDISAT 5B             
1 43833U 18102C   20027.18698834 -.00000435  00000-0 -23842-4 0  9998
2 43833  97.5849 105.4727 0014015 294.7963 145.3927 15.08419903 62708
GAOFEN 10R              
1 44622U 19066A   20027.10186062  .00000079  00000-0  16892-4 0  9991
2 44622  97.8019 334.2172 0000931  67.5329 292.5984 14.80522910 16919
CARTOSAT-3              
1 44804U 19081A   20027.36945400  .00000289  00000-0  17202-4 0  9996
2 44804  97.5171  89.1044 0016073  29.3993  89.8591 15.18741605  9287
GAOFEN 12               
1 44819U 19082A   20027.19056377  .00000004  00000-0  72776-5 0  9993
2 44819  97.9242  51.1283 0001995  89.8679 270.2763 14.80194006  8909