STARLINK-31             
1 44235U 19029A   20027.25001157  .00458430  00000-0  24991-1 0  9991
2 44235  53.0024 135.6628 0001420  80.4674 249.8246 15.12019899 38709
STARLINK-22             
1 44236U 19029B   20027.25001157  .00631473  00000-0  20730-1 0  9999
2 44236  52.9995 135.5682 0001928  41.3422  53.6064 15.28761638 38693
STARLINK-23             
1 44237U 19029C   20026.91667824 -.00035185  00000-0 -20111-2 0  9995
2 44237  52.9986 136.9818 0001203  76.5468 202.1342 15.12132031  1799
STARLINK-24             
1 44238U 19029D   20026.77806390  .00002662  00000-0  16888-3 0  9992
2 44238  52.9977 136.9223 0001558 108.2648 251.8512 15.12316612 37446
STARLINK-25             
1 44239U 19029E   20027.25001157  .00452707  00000-0  24683-1 0  9994
2 44239  53.0057 135.8964 0001619  80.7660 303.5647 15.12039732 37500
STARLINK-26             
1 44240U 19029F   20027.25001157  .00450358  00000-0  95009-2 0  9997
2 44240  53.0082 121.7347 0000974 107.8690 296.4492 15.42970248 37761
STARLINK-27             
1 44241U 19029G   20027.25001157  .00372004  00000-0  20312-1 0  9993
2 44241  53.0048 135.7796 0001428  88.2328 260.0625 15.12053938 37582
STARLINK-28             
1 44242U 19029H   20027.25001157  .00543807  00000-0  13052-1 0  9998
2 44242  52.9943 131.0122 0001678  60.7507 168.5104 15.38679771 37635
STARLINK-29             
1 44243U 19029J   20027.25001157 -.00007802  00000-0 -17510-3 0  9996
2 44243  52.9997  78.7568 0005470 322.9114  28.3050 15.41258077 38356
STARLINK-30             
1 44244U 19029K   20027.25001157  .00423157  00000-0  22947-1 0  9998
2 44244  52.9998 135.3425 0001158  73.2606 160.9662 15.12035494 37547
STARLINK-21             
1 44245U 19029L   20027.25001157  .00445595  00000-0  24097-1 0  9997
2 44245  52.9979 135.5514 0001538  72.4965 245.7490 15.12020026 37567
STARLINK-46             
1 44246U 19029M   20027.25001157 -.00001813  11361-4  22359-5 0  9999
2 44246  52.9897  29.6838 0071266 157.2679 327.6064 16.01697593 38799
STARLINK-33             
1 44247U 19029N   20026.91667824  .00002226  00000-0  67271-4 0  9994
2 44247  53.0054 134.0444 0001260  76.2623 123.4291 15.38820685 37597
STARLINK-34             
1 44248U 19029P   20027.25001157  .00653859  00000-0  31054-1 0  9995
2 44248  52.9935 134.6437 0001483  67.5738  21.9639 15.16512908 37522
STARLINK-61             
1 44249U 19029Q   20027.25001157  .00488836  00000-0  22440-1 0  9996
2 44249  53.0002 128.1747 0006143 297.9840  88.6722 15.17988919 37694
STARLINK-36             
1 44250U 19029R   20026.91667824 -.00032517  00000-0 -18563-2 0  9994
2 44250  52.9997 136.9572 0001114  86.5200 162.1278 15.12138846  1792
STARLINK-37             
1 44251U 19029S   20027.25001157  .00433046  00000-0  23452-1 0  9996
2 44251  52.9815 134.7289 0001405 108.8059 161.4267 15.12032551 37511
STARLINK-71             
1 44252U 19029T   20027.25001157  .00402363  00000-0  21884-1 0  9992
2 44252  52.9997 134.5897 0001065  82.7381 295.5096 15.12036386 37515
STARLINK-39             
1 44253U 19029U   20026.91667824 -.00036124  00000-0 -20645-2 0  9999
2 44253  53.0046 137.2570 0001248  84.5045 236.1604 15.12150232  1795
STARLINK-32             
1 44254U 19029V   20027.25001157  .00351699  00000-0  19260-1 0  9994
2 44254  52.9985 135.4623 0001296  89.8243 198.4079 15.12052657 37524
STARLINK-66             
1 44255U 19029W   20027.25001157  .00547986  00000-0  13154-1 0  9997
2 44255  53.0031 132.2292 0001468  84.8627 156.4888 15.38657963 37574
STARLINK-42             
1 44256U 19029X   20027.25001157  .00652418  00000-0  19598-1 0  9993
2 44256  52.9926 133.5798 0001352  72.7508 278.1108 15.31565991 37510
STARLINK-43             
1 44257U 19029Y   20027.25001157  .00116157  00000-0  39344-2 0  9991
2 44257  53.0000 101.0278 0001654 127.2047 100.3616 15.29687011 38064
STARLINK-40             
1 44258U 19029Z   20027.25001157  .00372806  00000-0  20363-1 0  9997
2 44258  52.9992 135.4586 0001211  81.9404 200.3098 15.12036415 37565
STARLINK-52             
1 44259U 19029AA  20026.34533743  .00000939  00000-0  32258-4 0  9992
2 44259  53.0027  84.5036 0001992 119.3611 240.7591 15.40881703 38086
STARLINK-45             
1 44260U 19029AB  20027.25001157  .00459432  00000-0  25044-1 0  9992
2 44260  53.0092 134.2386 0001613  74.2925 237.9230 15.12018320 37632
STARLINK-44             
1 44261U 19029AC  20027.25001157  .00390717  00000-0  21295-1 0  9997
2 44261  52.9991 135.4377 0001367  85.0742 191.2324 15.12022179 37571
STARLINK-49             
1 44262U 19029AD  20027.25001157  .00383246  00000-0  20899-1 0  9996
2 44262  53.0046 135.7903 0001261  96.4823 257.7645 15.12041508 37584
STARLINK-72             
1 44263U 19029AE  20027.25001157  .00428964  00000-0  23242-1 0  9999
2 44263  53.0005 135.2814 0001322  79.8678 148.3456 15.12036705 37574
STARLINK-35             
1 44264U 19029AF  20027.25001157  .00516790  00000-0  27964-1 0  9990
2 44264  52.9998 135.3803 0001321  82.8063 163.4070 15.12030441 37564
STARLINK-63             
1 44265U 19029AG  20027.25001157  .00440614  00000-0  23842-1 0  9993
2 44265  52.9992 134.7588 0001535  74.6486 177.5683 15.12024093 37592
STARLINK-54             
1 44266U 19029AH  20027.25001157  .00436118  00000-0  23602-1 0  9992
2 44266  52.9941 134.7940 0001329  94.2140 302.0525 15.12041722 37526
STARLINK-69             
1 44267U 19029AJ  20027.25001157  .00438225  00000-0  23719-1 0  9993
2 44267  52.9995 134.6088 0001345  86.5958 237.6155 15.12026465 37571
STARLINK-55             
1 44268U 19029AK  20027.25001157  .00513824  00000-0  12386-1 0  9991
2 44268  52.9940 131.9091 0001350  97.8956 137.3917 15.38670185 37579
STARLINK-57             
1 44269U 19029AL  20027.25001157  .00438468  00000-0  23735-1 0  9992
2 44269  52.9985 135.1565 0001210  85.3032 274.9461 15.12020511 37603
STARLINK-58             
1 44270U 19029AM  20027.25001157  .00632337  00000-0  30735-1 0  9993
2 44270  52.9971 134.9103 0001373  72.5720  90.1133 15.15774084 37605
STARLINK-59             
1 44271U 19029AN  20027.25001157  .00441002  00000-0  23852-1 0  9993
2 44271  52.9974 134.7002 0001068  89.2088 126.9999 15.12037499 37593
STARLINK-51             
1 44272U 19029AP  20027.25001157  .00409073  00000-0  22222-1 0  9996
2 44272  52.9980 135.3228 0001090  80.7470 159.5548 15.12045347 37564
STARLINK-60             
1 44273U 19029AQ  20026.41636456  .00017824  00000-0  31327-3 0  9997
2 44273  52.9994  74.1589 0005565 344.8919  15.1921 15.50589374 38358
STARLINK-62             
1 44274U 19029AR  20027.25001157  .00597944  00000-0  29160-1 0  9991
2 44274  52.9992 134.4919 0001409  68.0928  88.5354 15.15781947 37569
STARLINK-64             
1 44275U 19029AS  20027.25001157  .00441148  00000-0  15220-1 0  9998
2 44275  52.9919 134.0648 0001494  59.3067 223.6593 15.27561491 37565
STARLINK-65             
1 44276U 19029AT  20027.25001157  .00432533  00000-0  23424-1 0  9992
2 44276  53.0006 135.2495 0001197  73.7043 118.5338 15.12035449 37586
STARLINK-41             
1 44277U 19029AU  20027.25001157  .00638296  00000-0  21304-1 0  9992
2 44277  53.0036 134.5711 0001531  59.2768  50.8099 15.28190111 37585
STARLINK-67             
1 44278U 19029AV  20027.25001157  .00005123  11061-4  28295-4 0  9992
2 44278  52.9935  16.2608 0021702  56.7677 163.1214 15.89415226 39208
STARLINK-68             
1 44279U 19029AW  20026.91667824 -.00032138  00000-0 -18344-2 0  9991
2 44279  52.9998 135.7511 0001205  74.8718 167.7776 15.12137740  1795
STARLINK-38             
1 44280U 19029AX  20027.25001157  .00452091  00000-0  24656-1 0  9996
2 44280  53.0003 135.2141 0001386  81.8900 116.3599 15.12032235 37583
STARLINK-70             
1 44281U 19029AY  20026.91667824 -.00037060  00000-0 -21189-2 0  9994
2 44281  53.0005 136.2996 0000906  88.2254 202.4166 15.12147532  1793
STARLINK-80             
1 44282U 19029AZ  20026.72353839  .00002677  00000-0  12245-3 0  9990
2 44282  53.0189 112.8889 0005578 144.7028 215.4338 15.24102343 36253
STARLINK-56             
1 44283U 19029BA  20027.25001157  .00432455  00000-0  23427-1 0  9996
2 44283  53.0005 135.2980 0001080  83.7908 126.4666 15.12024379 37586
STARLINK-73             
1 44284U 19029BB  20027.25001157  .00412281  00000-0  22376-1 0  9994
2 44284  53.0003 135.2732 0001328  91.4170 112.8784 15.12062006 37570
STARLINK-50             
1 44285U 19029BC  20027.25001157  .00413191  00000-0  22435-1 0  9992
2 44285  52.9987 135.2842 0001093  95.2442 126.9544 15.12041232 38631
STARLINK-75             
1 44286U 19029BD  20027.25001157  .00515937  00000-0  17615-1 0  9998
2 44286  53.0042 132.5602 0001801  43.4905  85.7580 15.27565083 38673
STARLINK-76             
1 44287U 19029BE  20027.25001157  .00362419  00000-0  19821-1 0  9995
2 44287  52.9985 135.4924 0001174  86.0231 214.2283 15.12044127 38635
STARLINK-79             
1 44288U 19029BF  20027.25001157  .00087006  00000-0  49511-2 0  9992
2 44288  53.0042 135.8831 0001258  75.6594 296.5993 15.12106653 38647
STARLINK-48             
1 44289U 19029BG  20026.91667824  .00044935  00000-0  20887-2 0  9993
2 44289  53.0017 117.4144 0002420 110.7791 103.7245 15.19560761 38858
STARLINK-78             
1 44290U 19029BH  20027.25001157  .00446948  00000-0  24163-1 0  9994
2 44290  53.0049 135.7543 0001152  93.1971 273.0719 15.12022893 38642
STARLINK-77             
1 44291U 19029BJ  20027.25001157  .00486771  00000-0  26438-1 0  9990
2 44291  53.0055 135.9259 0001372  71.4584 318.7394 15.12028449 38637
STARLINK-81             
1 44292U 19029BK  20027.25001157  .00407481  00000-0  22148-1 0  9996
2 44292  53.0052 135.9533 0001188  83.2102 319.0044 15.12033643 38630
STARLINK-74             
1 44293U 19029BL  20027.25001157  .00416016  00000-0  22583-1 0  9994
2 44293  53.0050 135.8091 0001291  83.2216 259.0677 15.12035788 38635
STARLINK-53             
1 44294U 19029BM  20027.25001157  .00454539  00000-0  24782-1 0  9990
2 44294  52.9971 134.6683 0001452  63.1467 123.1064 15.12032488 38640
STARLINK-1007           
1 44713U 19074A   20026.91667824  .00090112  00000-0  63891-3 0  9996
2 44713  53.0060 151.1159 0003173  20.6081 157.6281 15.73216236 12031
STARLINK-1008           
1 44714U 19074B   20026.91667824  .00062864  00000-0  44839-3 0  9991
2 44714  53.0064 151.1113 0004130  24.3252 158.1593 15.73217549 12031
STARLINK-1009           
1 44715U 19074C   20026.91667824  .00058590  00000-0  41855-3 0  9998
2 44715  53.0058 151.1012 0003065   9.1925 175.7908 15.73214720 12030
STARLINK-1010           
1 44716U 19074D   20027.25001157  .00587296  00000-0  39184-2 0  9999
2 44716  53.0061 149.4382 0003354  26.3472 250.2152 15.73106857 12080
STARLINK-1011           
1 44717U 19074E   20027.25001157 -.00087203  00000-0 -33933-2 0  9991
2 44717  53.0063 153.6778 0001217  67.7500 355.1615 15.25805236 12023
STARLINK-1012           
1 44718U 19074F   20027.25001157  .00404289  00000-0  27560-2 0  9996
2 44718  53.0060 149.4345 0003341  32.0828 245.3816 15.73131264 12087
STARLINK-1013           
1 44719U 19074G   20026.91667824  .00055221  00000-0  39482-3 0  9993
2 44719  53.0060 151.1002 0002727  24.9751 160.8840 15.73220210 12033
STARLINK-1014           
1 44720U 19074H   20027.25001157 -.00006856  00000-0 -58394-4 0  9990
2 44720  53.0062 149.6614 0005774 277.4648 263.9489 15.66812234 12087
STARLINK-1015           
1 44721U 19074J   20027.25001157  .00819663  00000-0  53304-2 0  9991
2 44721  53.0060 149.4450 0003033  54.5110 218.6912 15.73040926 12083
STARLINK-1016           
1 44722U 19074K   20026.91667824  .00051190  00000-0  36633-3 0  9993
2 44722  53.0059 151.1049 0003324  44.7998 138.5075 15.73228873 12038
STARLINK-1017           
1 44723U 19074L   20027.25001157  .00587723  00000-0  39222-2 0  9995
2 44723  53.0055 149.4506 0005076   3.2211 265.7266 15.73097609 12088
STARLINK-1019           
1 44724U 19074M   20027.25001157  .00785430  00000-0  51233-2 0  9997
2 44724  53.0063 149.4357 0006910  90.4193 187.8552 15.73064701 12086
STARLINK-1020           
1 44725U 19074N   20027.25001157 -.00031434  00000-0 -12725-2 0  9991
2 44725  53.0069 153.6722 0001459  66.3730 204.8087 15.24007155 12021
STARLINK-1021           
1 44726U 19074P   20026.91667824  .00108827  00000-0  76970-3 0  9995
2 44726  53.0063 151.0962 0003781  15.8613 174.2468 15.73192032 12030
STARLINK-1022           
1 44727U 19074Q   20026.91667824  .00030318  00000-0  20911-2 0  9998
2 44727  53.0267 173.9766 0001390  78.2693 303.7788 15.05579557 11711
STARLINK-1023           
1 44728U 19074R   20027.25001157  .00658189  00000-0  43543-2 0  9996
2 44728  53.0062 149.4576 0006780 356.9063 271.2186 15.73095340 12087
STARLINK-1024           
1 44729U 19074S   20027.25001157 -.00069289  00000-0 -26524-2 0  9996
2 44729  53.0071 153.6573 0001250  70.1710  31.0678 15.26233363 12022
STARLINK-1025           
1 44730U 19074T   20027.25001157  .00469987  00000-0  31782-2 0  9997
2 44730  53.0066 149.4574 0006573  13.1616 256.5784 15.73118429 12082
STARLINK-1026           
1 44731U 19074U   20027.25001157  .00365228  00000-0  25003-2 0  9990
2 44731  53.0060 149.4387 0004141  20.5150 255.1808 15.73143897 12082
STARLINK-1027           
1 44732U 19074V   20027.25001157 -.00080178  00000-0 -22134-2 0  9993
2 44732  53.0059 151.7808 0001382  67.5646 129.7308 15.36749726 12050
STARLINK-1028           
1 44733U 19074W   20027.25001157  .00478380  00000-0  32432-2 0  9990
2 44733  53.0060 149.4299 0002447  28.2666 251.6738 15.73045512 12088
STARLINK-1029           
1 44734U 19074X   20026.91667824  .00011099  00000-0  13240-3 0  9999
2 44734  53.0064 152.8695 0001763  52.5058 325.5613 15.61642051 12009
STARLINK-1030           
1 44735U 19074Y   20027.25001157 -.00032388  00000-0 -13062-2 0  9996
2 44735  53.0073 153.6649 0001427  68.7842 215.7085 15.24148104 12029
STARLINK-1031           
1 44736U 19074Z   20027.25001157 -.00063160  00000-0 -24043-2 0  9990
2 44736  53.0066 153.6225 0001212  75.4980  38.4209 15.26374551 12029
STARLINK-1032           
1 44737U 19074AA  20027.25001157 -.00086448  00000-0 -33490-2 0  9991
2 44737  53.0062 153.6216 0001209  72.4884   3.2576 15.25947920 12024
STARLINK-1033           
1 44738U 19074AB  20027.25001157 -.00053843  00000-0 -22247-2 0  9993
2 44738  53.0071 153.7140 0001418  70.5506 160.5130 15.23574310 12024
STARLINK-1052           
1 44739U 19074AC  20027.25001157 -.00035691  00000-0 -14537-2 0  9998
2 44739  53.0062 153.6630 0001459  66.8528 191.0468 15.23865446 12021
STARLINK-1035           
1 44740U 19074AD  20027.25001157 -.00071303  00000-0 -19442-2 0  9990
2 44740  53.0067 152.5989 0001369  70.8194 141.9276 15.37076937 12044
STARLINK-1036           
1 44741U 19074AE  20027.25001157 -.00084574  00000-0 -33033-2 0  9997
2 44741  53.0056 153.6773 0001234  63.5729 346.4831 15.25665706 12022
STARLINK-1037           
1 44742U 19074AF  20027.25001157 -.00078616  00000-0 -31189-2 0  9998
2 44742  53.0054 153.6362 0001173  71.1869 305.1401 15.25110590 12028
STARLINK-1038           
1 44743U 19074AG  20026.91667824  .00033574  00000-0  23121-2 0  9999
2 44743  53.0008 174.4199 0001341  85.7328  44.3068 15.05586479 11712
STARLINK-1039           
1 44744U 19074AH  20026.91667824  .00029518  00000-0  20373-2 0  9999
2 44744  52.9997 174.4247 0001233  90.4010   3.6816 15.05567203 11705
STARLINK-1040           
1 44745U 19074AJ  20026.33309008  .00049897  00000-0  30448-3 0  9990
2 44745  53.0031 152.7488 0004372  70.3559 289.7931 15.76907612 11957
STARLINK-1041           
1 44746U 19074AK  20026.91667824  .00022043  00000-0  15274-2 0  9991
2 44746  53.0008 174.4186 0001105  73.2154  74.7777 15.05577282 11714
STARLINK-1042           
1 44747U 19074AL  20027.25001157  .00044160  00000-0  30310-2 0  9993
2 44747  53.0270 172.5084 0001237  97.5481 274.2768 15.05581219 11767
STARLINK-1043           
1 44748U 19074AM  20026.91667824  .00033804  00000-0  23283-2 0  9999
2 44748  53.0186 174.2898 0001369 106.7569 113.2566 15.05577041  1790
STARLINK-1044           
1 44749U 19074AN  20027.25001157 -.00064507  00000-0 -27502-2 0  9993
2 44749  53.0103 153.4744 0001283  68.1723  68.3746 15.22603361 12029
STARLINK-1045           
1 44750U 19074AP  20027.25001157  .00489635  00000-0  31776-1 0  9993
2 44750  52.9988 172.9300 0001048  85.4619 358.3228 15.05476468 11752
STARLINK-1046           
1 44751U 19074AQ  20026.91667824  .00029982  00000-0  20671-2 0  9993
2 44751  52.9989 174.4218 0001567  94.8774  17.0924 15.05599188 11703
STARLINK-1047           
1 44752U 19074AR  20027.25001157 -.00080691  00000-0 -31757-2 0  9996
2 44752  53.0060 153.6531 0001161  72.1909 312.1134 15.25389615 12024
STARLINK-1048           
1 44753U 19074AS  20027.25001157  .00861549  00000-0  55720-2 0  9990
2 44753  53.0061 149.4597 0002559  29.6827 236.7028 15.73049025 12089
STARLINK-1049           
1 44754U 19074AT  20026.91667824  .00055827  00000-0  39892-3 0  9999
2 44754  53.0062 151.1222 0002755  15.5101 160.9732 15.73229209 12021
STARLINK-1050           
1 44755U 19074AU  20026.91667824  .00017589  00000-0  12241-2 0  9991
2 44755  53.0291 173.9104 0001693  97.5562 320.3486 15.05556986 11711
STARLINK-1051           
1 44756U 19074AV  20026.91667824  .00043179  00000-0  31006-3 0  9997
2 44756  53.0062 151.1232 0002693  39.8030 135.8755 15.73225406 12026
STARLINK-1034           
1 44757U 19074AW  20027.25001157 -.00064208  00000-0 -25719-2 0  9998
2 44757  53.0054 153.6124 0001223  76.1943 260.9094 15.24693061 12028
STARLINK-1053           
1 44758U 19074AX  20026.91667824  .00031323  00000-0  21605-2 0  9990
2 44758  53.0231 174.1619 0001028  92.0722 199.8556 15.05561297 11710
STARLINK-1054           
1 44759U 19074AY  20027.25001157  .00059031  00000-0  40388-2 0  9995
2 44759  53.0266 172.5881 0001309  84.2460 251.5598 15.05562065 11767
STARLINK-1055           
1 44760U 19074AZ  20026.91667824  .00016445  00000-0  11453-2 0  9991
2 44760  53.0245 173.9602 0001136  72.4906 327.5332 15.05576044 11711
STARLINK-1056           
1 44761U 19074BA  20026.91667824  .00031064  00000-0  21426-2 0  9997
2 44761  53.0263 174.0485 0001283 104.1510 241.8603 15.05566493 11716
STARLINK-1057           
1 44762U 19074BB  20027.25001157 -.00070271  00000-0 -28067-2 0  9990
2 44762  53.0057 153.6203 0001193  74.9173 275.3138 15.24831714 12020
STARLINK-1058           
1 44763U 19074BC  20026.91667824  .00034512  00000-0  23778-2 0  9992
2 44763  53.0198 174.2460 0001556 119.1258 118.9823 15.05555944 11715
STARLINK-1059           
1 44764U 19074BD  20027.25001157 -.00074111  00000-0 -29498-2 0  9998
2 44764  53.0053 153.6256 0001169  75.2934 288.0146 15.24972750 12024
STARLINK-1060           
1 44765U 19074BE  20027.25001157 -.00039222  00000-0 -15796-2 0  9999
2 44765  53.0068 153.5790 0001373  72.0619 225.6775 15.24286762 12021
STARLINK-1061           
1 44766U 19074BF  20026.91667824  .00028784  00000-0  19875-2 0  9992
2 44766  53.0224 174.1924 0001078  98.2643 175.6274 15.05564036 11718
STARLINK-1062           
1 44767U 19074BG  20027.25001157  .00516793  00000-0  33426-1 0  9991
2 44767  53.0057 172.6337 0001639  96.1036 221.7766 15.05478101 11761
STARLINK-1063           
1 44768U 19074BH  20027.25001157  .00426833  00000-0  27625-1 0  9991
2 44768  53.0058 172.8792 0001339  79.2633 112.5000 15.05521172 11767
STARLINK-1064           
1 44769U 19074BJ  20027.25001157  .00388983  00000-0  25341-1 0  9998
2 44769  53.0025 172.8980 0001341  89.3424  84.4282 15.05481862 11764
STARLINK-1065           
1 44770U 19074BK  20027.25001157  .00411157  00000-0  26692-1 0  9990
2 44770  53.0029 172.8151 0001029  90.0281 119.7497 15.05491276 11763
STARLINK-1067           
1 44771U 19074BL  20026.91667824  .00030189  00000-0  20829-2 0  9991
2 44771  53.0223 174.2294 0000977  86.6197 169.2961 15.05569065 11715
STARLINK-1068           
1 44772U 19074BM  20027.25001157 -.00055025  00000-0 -22083-2 0  9993
2 44772  53.0062 153.5989 0001277  74.6782 249.3464 15.24558568 12029
STARLINK A              
1 44914U 20001A   20027.25001157 -.00087930  00000-0 -12953-2 0  9998
2 44914  52.9986 297.3666 0001191  78.1550 240.1962 15.55002376  3179
STARLINK B              
1 44915U 20001B   20027.25001157 -.00074323  00000-0 -99408-3 0  9992
2 44915  52.9983 297.1921 0001117  74.5278  18.8217 15.57523893  3182
STARLINK C              
1 44916U 20001C   20027.25001157 -.00087620  00000-0 -12486-2 0  9997
2 44916  52.9990 297.3707 0001098  77.6081 305.7271 15.55898768  3181
STARLINK D              
1 44917U 20001D   20027.25001157 -.00087954  00000-0 -12430-2 0  9997
2 44917  52.9986 297.3095 0001082  79.7376 319.5502 15.56124050  3187
STARLINK E              
1 44918U 20001E   20027.25001157 -.00085919  00000-0 -12290-2 0  9991
2 44918  52.9981 297.3743 0001102  78.6099 296.6115 15.55787866  3911
STARLINK F              
1 44919U 20001F   20027.25001157 -.00084665  00000-0 -12310-2 0  9992
2 44919  52.9992 297.3281 0001146  81.3666 261.4379 15.55340015  3171
STARLINK G              
1 44920U 20001G   20027.25001157 -.00086118  00000-0 -12577-2 0  9994
2 44920  52.9994 297.3260 0001170  77.2491 257.4283 15.55227343  3176
STARLINK H              
1 44921U 20001H   20027.25001157 -.00084948  00000-0 -12301-2 0  9999
2 44921  52.9992 297.3307 0001141  77.7351 273.2196 15.55451650  3174
STARLINK J              
1 44922U 20001J   20027.25001157 -.00086191  00000-0 -12381-2 0  9990
2 44922  52.9991 297.3553 0001108  79.4662 287.6594 15.55675627  3188
STARLINK K              
1 44923U 20001K   20027.25001157 -.00089601  00000-0 -13314-2 0  9997
2 44923  52.9984 297.3889 0001302  63.8053 238.2295 15.54775427  3177
STARLINK L              
1 44924U 20001L   20027.25001157 -.00088093  00000-0 -12924-2 0  9998
2 44924  52.9996 297.3644 0001170  80.0922 246.4464 15.55114387  3171
STARLINK M              
1 44925U 20001M   20027.25001157 -.00089920  00000-0 -13420-2 0  9991
2 44925  52.9986 297.4218 0001242  73.7032 220.2381 15.54658045  3171
STARLINK N              
1 44926U 20001N   20027.25001157 -.00063004  00000-0 -82687-3 0  9999
2 44926  52.9980 297.1300 0001101  74.9730  49.7143 15.57957366  3921
STARLINK P              
1 44927U 20001P   20027.25001157 -.00063922  00000-0 -84584-3 0  9997
2 44927  52.9988 297.1640 0001088  77.8164  30.9270 15.57745576  3183
STARLINK Q              
1 44928U 20001Q   20027.25001157 -.00063672  00000-0 -83902-3 0  9993
2 44928  52.9986 297.1473 0001074  81.9948  34.4264 15.57854854  3189
STARLINK R              
1 44929U 20001R   20027.25001157 -.00088524  00000-0 -13096-2 0  9993
2 44929  52.9986 297.3866 0001214  75.2780 234.8645 15.54890189  3170
STARLINK S              
1 44930U 20001S   20027.25001157 -.00087707  00000-0 -12446-2 0  9995
2 44930  52.9989 297.3185 0001091  78.4377 312.7931 15.56012467  3181
STARLINK T              
1 44931U 20001T   20027.25001157 -.00067440  00000-0 -88235-3 0  9998
2 44931  52.9976 297.1169 0001098  79.6474  52.3976 15.58068250  3927
STARLINK U              
1 44932U 20001U   20027.25001157 -.00068355  00000-0 -90924-3 0  9993
2 44932  52.9985 297.1771 0001112  74.4896  26.6059 15.57634776  4417
STARLINK V              
1 44933U 20001V   20027.25001157 -.00086519  00000-0 -12481-2 0  9997
2 44933  52.9992 297.3492 0001111  82.7331 276.3732 15.55562731  4470
STARLINK W              
1 44934U 20001W   20026.91667824  .00061681  00000-0  44000-3 0  9993
2 44934  52.9979 298.2252 0006106 296.9330 341.3543 15.73209762  1817
STARLINK X              
1 44935U 20001X   20027.25001157  .00045753  00000-0  32859-3 0  9994
2 44935  52.9975 296.5533 0001226  61.6091 313.3130 15.73197992  3191
STARLINK Y              
1 44936U 20001Y   20027.25001157  .00034901  00000-0  25206-3 0  9996
2 44936  52.9972 296.5652 0001368  60.3077 308.6405 15.73194197  3194
STARLINK Z              
1 44937U 20001Z   20026.91667824 -.00007212  00000-0 -46921-4 0  9993
2 44937  52.9981 298.2139 0001167  65.7270 218.5589 15.73237125  3130
STARLINK AA             
1 44938U 20001AA  20026.91667824 -.00034388  00000-0 -24122-3 0  9996
2 44938  52.9980 298.2355 0001299  63.2727 210.7255 15.73230139  3138
STARLINK AB             
1 44939U 20001AB  20027.25001157  .00037566  00000-0  27092-3 0  9994
2 44939  52.9973 296.5824 0001364  59.4183 301.8413 15.73191001  3197
STARLINK AC             
1 44940U 20001AC  20026.91667824 -.00007661  00000-0 -50141-4 0  9994
2 44940  52.9980 298.2075 0001393  77.6706 209.0914 15.73226021  3139
STARLINK AD             
1 44941U 20001AD  20027.25001157  .00047311  00000-0  33947-3 0  9992
2 44941  52.9972 296.5609 0001305  61.4536 309.1430 15.73204599  3197
STARLINK AE             
1 44942U 20001AE  20026.91667824  .00029088  00000-0  21033-3 0  9998
2 44942  52.9980 298.2111 0008485 295.5976 349.5109 15.73224153  1814
STARLINK AF             
1 44943U 20001AF  20027.25001157  .00039797  00000-0  28638-3 0  9994
2 44943  52.9973 296.5801 0001262  57.3755 304.8032 15.73215014  3197
STARLINK AG             
1 44944U 20001AG  20027.25001157  .00035681  00000-0  25752-3 0  9997
2 44944  52.9974 296.5676 0001358  55.0730 313.0257 15.73198737  3196
STARLINK AH             
1 44945U 20001AH  20026.91667824 -.00007127  00000-0 -46283-4 0  9998
2 44945  52.9982 298.2068 0001196  67.2509 220.3752 15.73253284  3132
STARLINK AJ             
1 44946U 20001AJ  20027.25001157  .00036922  00000-0  26624-3 0  9997
2 44946  52.9973 296.5711 0001348  55.7391 310.6943 15.73203162  3190
STARLINK AK             
1 44947U 20001AK  20027.25001157  .00035810  00000-0  25835-3 0  9996
2 44947  52.9973 296.5577 0001401  58.3912 313.9818 15.73206354  3192
STARLINK AL             
1 44948U 20001AL  20026.91667824 -.00007585  00000-0 -49597-4 0  9990
2 44948  52.9981 298.2168 0001266  64.9008 217.5699 15.73228474  3132
STARLINK AM             
1 44949U 20001AM  20026.91667824 -.00018435  00000-0 -12700-3 0  9992
2 44949  52.9980 298.2318 0001401  67.6645 208.0230 15.73232273  3135
STARLINK AN             
1 44950U 20001AN  20027.25001157  .00028153  00000-0  20406-3 0  9991
2 44950  52.9970 296.5828 0001403  58.4310 301.9816 15.73226358  3198
STARLINK AP             
1 44951U 20001AP  20027.25001157  .00047079  00000-0  33783-3 0  9992
2 44951  52.9972 296.5759 0001211  39.7471 324.1056 15.73205091  4488
STARLINK AQ             
1 44952U 20001AQ  20027.25001157  .00154642  00000-0  11168-2 0  9990
2 44952  52.9984 296.5775 0001099  72.1007 302.7413 15.72539725  3199
STARLINK AR             
1 44953U 20001AR  20027.25001157 -.00037832  00000-0 -13698-3 0  9995
2 44953  52.9976 294.6772 0001097  92.7975 122.9038 15.87556806  4503
STARLINK AS             
1 44954U 20001AS  20027.25001157  .00044959  00000-0  32293-3 0  9994
2 44954  52.9981 296.5141 0001169  56.0553 337.5408 15.73202685  3137
STARLINK AT             
1 44955U 20001AT  20027.25001157  .00044670  00000-0  32091-3 0  9991
2 44955  52.9979 296.5188 0001116  47.8525 343.2073 15.73201622  3137
STARLINK AU             
1 44956U 20001AU  20026.91667824 -.00008367  00000-0 -55178-4 0  9990
2 44956  52.9988 298.1754 0001230  64.8674 238.1175 15.73224770  3130
STARLINK AV             
1 44957U 20001AV  20026.91667824 -.00035479  00000-0 -24903-3 0  9996
2 44957  52.9984 298.1889 0001279  61.7610 234.3542 15.73231750  3137
STARLINK AW             
1 44958U 20001AW  20026.91667824  .00031015  00000-0  22429-3 0  9998
2 44958  52.9985 298.1854 0001320  67.1384 230.7007 15.73225515  1817
STARLINK AX             
1 44959U 20001AX  20026.91667824 -.00036505  00000-0 -25636-3 0  9993
2 44959  52.9982 298.1959 0001407  65.2352 227.4348 15.73234048  3130
STARLINK AY             
1 44960U 20001AY  20027.25001157  .00038761  00000-0  27919-3 0  9994
2 44960  52.9978 296.5254 0001208  46.7031 340.9474 15.73205693  3195
STARLINK AZ             
1 44961U 20001AZ  20027.25001157  .00043578  00000-0  31311-3 0  9998
2 44961  52.9976 296.5425 0001312  48.9566 331.0656 15.73209155  3197
STARLINK BA             
1 44962U 20001BA  20027.25001157  .00035446  00000-0  25594-3 0  9990
2 44962  52.9980 296.5146 0001373  54.4502 338.3298 15.73191447  3198
STARLINK BB             
1 44963U 20001BB  20026.91667824 -.00033800  00000-0 -23688-3 0  9998
2 44963  52.9986 298.1781 0001301  59.9681 241.2899 15.73242475  3879
STARLINK BC             
1 44964U 20001BC  20027.25001157  .00035287  00000-0  25466-3 0  9993
2 44964  52.9978 296.5218 0001300  57.0072 332.3934 15.73206447  3196
STARLINK BD             
1 44965U 20001BD  20026.91667824 -.00031819  00000-0 -22277-3 0  9991
2 44965  52.9984 298.1906 0001051  49.7801 245.5052 15.73234505  3874
STARLINK BE             
1 44966U 20001BE  20026.91667824 -.00031902  00000-0 -22300-3 0  9992
2 44966  52.9983 298.1925 0004991 298.6432 355.7710 15.73248290  3136
STARLINK BF             
1 44967U 20001BF  20027.25001157  .00037258  00000-0  26856-3 0  9990
2 44967  52.9974 296.5449 0001257  50.9838 327.3642 15.73207483  3195
STARLINK BG             
1 44968U 20001BG  20027.25001157  .00038247  00000-0  27571-3 0  9995
2 44968  52.9976 296.5441 0001382  53.8862 325.2942 15.73192742  3199
STARLINK BH             
1 44969U 20001BH  20027.25001157  .00038165  00000-0  27509-3 0  9996
2 44969  52.9976 296.5398 0001360  54.3767 326.5224 15.73196443  3196
STARLINK BJ             
1 44970U 20001BJ  20026.91667824 -.00031528  00000-0 -22062-3 0  9996
2 44970  52.9983 298.1853 0001325  61.4965 235.5182 15.73240427  3138
STARLINK BK             
1 44971U 20001BK  20026.91667824 -.00008143  00000-0 -53579-4 0  9992
2 44971  52.9984 298.1818 0001245  55.1670 244.4304 15.73226059  1818
STARLINK BL             
1 44972U 20001BL  20027.25001157  .00041862  00000-0  30077-3 0  9992
2 44972  52.9975 296.5476 0005819 300.7463  76.7368 15.73210669  3190
STARLINK BM             
1 44973U 20001BM  20026.91667824 -.00011077  00000-0 -74486-4 0  9994
2 44973  52.9982 298.1933 0001436  64.7449 228.7923 15.73229557  3133
OBJECT BN               
1 44974U 20001BN  20027.10502262  .00043864  12175-4  88638-4 0  9992
2 44974  52.9956 294.8445 0005884  19.0494 341.0754 16.00252500  3204
OBJECT BP               
1 44975U 20001BP  20027.03941516  .00049827  12417-4  98855-4 0  9990
2 44975  52.9963 295.1478 0008585  37.4828 322.6798 16.00374245  3191
OBJECT BQ               
1 44976U 20001BQ  20027.15299498  .00048155  12389-4  90411-4 0  9990
2 44976  52.9959 294.4278 0004899  54.1416 306.0068 16.01418456  3213
OBJECT BR               
1 44977U 20001BR  20027.02304308  .00064132  13183-4  11374-3 0  9990
2 44977  52.9960 295.0426 0006282  70.6485 289.5223 16.02077754  3193