ISS (ZARYA)             
1 25544U 98067A   20027.32115638 -.00041515  00000-0 -74611-3 0  9990
2 25544  51.6455 330.4025 0005455 198.0096 298.5344 15.49107582210029
NSIGHT                  
1 42726U 98067MF  20027.02406646  .00048242  00000-0  19557-3 0  9990
2 42726  51.6288 242.0128 0001784 273.2693  86.8106 15.85761511152900
KESTREL EYE IIM (KE2M)  
1 42982U 98067NE  20027.08888478  .00007411  00000-0  74732-4 0  9997
2 42982  51.6358 286.2921 0002852 257.8281 102.2395 15.66555562128734
ASTERIA                 
1 43020U 98067NH  20027.02031393  .00043532  00000-0  18121-3 0  9994
2 43020  51.6387 254.4052 0002050 228.5941 131.4887 15.85256890124920
DELLINGR (RBLE)         
1 43021U 98067NJ  20026.94468195  .00007945  00000-0  78117-4 0  9999
2 43021  51.6368 286.1392 0001586 200.1644 159.9289 15.67069370124496
1KUNS-PF                
1 43466U 98067NP  20027.11275183  .00035847  00000-0  20959-3 0  9997
2 43466  51.6317 277.3504 0001334 162.1437 197.9611 15.77999169 97880
UBAKUSAT                
1 43467U 98067NQ  20027.14523897  .00013574  00000-0  12104-3 0  9995
2 43467  51.6350 290.4134 0002039 166.5052 193.6000 15.68780793 97726
BATSU-CS1 (IRAZU)       
1 43468U 98067NR  20027.07409250  .00115834  16198-4  34520-3 0  9991
2 43468  51.6301 264.1628 0004007 187.0410 173.0541 15.92260229198045
CUBERRT                 
1 43546U 98067NU  20026.90084894  .00006848  00000-0  63005-4 0  9998
2 43546  51.6362 290.2882 0002781 254.6890 105.3800 15.69013012 87831
TEMPEST-D               
1 43547U 98067NV  20027.14455060  .00003488  00000-0  47874-4 0  9996
2 43547  51.6381 309.2254 0004471 233.5088 126.5494 15.60402944 87280
RAINCUBE                
1 43548U 98067NW  20027.07394727  .00014084  00000-0  13186-3 0  9993
2 43548  51.6352 297.4253 0003542 246.9535 113.1088 15.67533568 87880
HALOSAT                 
1 43549U 98067NX  20027.15858987  .00014018  00000-0  13211-3 0  9992
2 43549  51.6368 297.2819 0003446 250.3207 109.7417 15.67373805 87458
RADIX                   
1 43550U 98067NY  20026.87201559  .00062193  00000-0  28303-3 0  9994
2 43550  51.6316 279.3737 0001913 216.2070 143.8803 15.83229368 88124
ENDUROSAT ONE           
1 43551U 98067NZ  20026.98374142  .00018287  00000-0  14852-3 0  9995
2 43551  51.6345 292.3271 0003245 259.2608 100.8024 15.70779134 87910
EQUISAT                 
1 43552U 98067PA  20026.79345127  .00013990  00000-0  13016-3 0  9993
2 43552  51.6376 297.8834 0003927 258.7632 101.2923 15.67695394 87787
1998-067PB              
1 43553U 98067PB  20026.89964515  .00009935  00000-0  10430-3 0  9994
2 43553  51.6408 301.6822 0004467 256.8851 103.1645 15.65058237 87797
1998-067PC              
1 43554U 98067PC  20027.14000213  .00021345  00000-0  16666-3 0  9996
2 43554  51.6344 290.3646 0003217 259.7634 100.3002 15.71606790 87491
AEROCUBE 12A            
1 43556U 18046C   20027.13697731  .00000714  00000-0  37212-4 0  9991
2 43556  51.6426  69.1417 0008684 143.6855 216.4716 15.29333192 85597
AEROCUBE 12B            
1 43557U 18046D   20026.39029971  .00001181  00000-0  53703-4 0  9996
2 43557  51.6431  73.1491 0008672 141.1018 219.0588 15.29127209 85420
LEMUR-2-VU              
1 43558U 18046E   20026.42037605  .00001267  00000-0  54833-4 0  9994
2 43558  51.6412  70.4178 0007937 143.4672 216.6852 15.30299774 85501
LEMUR-2-ALEXANDER       
1 43559U 18046F   20027.11559263  .00002745  00000-0  10404-3 0  9998
2 43559  51.6414  66.8179 0007879 147.4343 212.7125 15.30427006 85396
LEMUR-2-YUASA           
1 43560U 18046G   20026.36715283  .00001281  00000-0  55443-4 0  9999
2 43560  51.6430  70.8042 0008112 157.3331 202.8010 15.30207739 85491
LEMUR-2-TOMHENDERSON    
1 43561U 18046H   20026.30458119  .00001401  00000-0  59520-4 0  9990
2 43561  51.6431  71.1374 0008206 156.4688 203.6670 15.30184477 85049
SIRIUSSAT-1             
1 43595U 98067PG  20027.15532301  .00014379  00000-0  13524-3 0  9999
2 43595  51.6348 298.6934 0002231 209.2687 150.8185 15.67400676 82659
SIRIUSSAT-2             
1 43596U 98067PH  20026.88929458  .00014811  00000-0  13981-3 0  9990
2 43596  51.6356 300.7279 0002658 211.1013 148.9827 15.67280553 82600
TANUSHA-3               
1 43597U 98067PJ  20026.84860897  .00024076  00000-0  18858-3 0  9990
2 43597  51.6331 295.0783 0001862 213.9279 146.1600 15.71449984 82676
1998-067PK              
1 43598U 98067PK  20027.12157979  .00024706  00000-0  18921-3 0  9994
2 43598  51.6333 293.1886 0002063 215.8982 144.1878 15.71969301 82729
1998-067PN              
1 43638U 98067PN  20027.17014942  .00006529  00000-0  81623-4 0  9999
2 43638  51.6377 310.1367 0002123 194.7940 165.2992 15.61209794 74423
1998-067PP              
1 43639U 98067PP  20026.20687146  .00011241  00000-0  12181-3 0  9994
2 43639  51.6381 310.4689 0004026 202.7106 157.3711 15.64087728 74343
STARS-ME                
1 43640U 98067PQ  20026.87681369  .00007515  00000-0  89243-4 0  9993
2 43640  51.6370 309.6567 0004418 201.5269 158.5540 15.62302943 74418
ISS DEB (SEDA-AP)       
1 43870U 98067PU  20026.77104979  .00003120  00000-0  49611-4 0  9997
2 43870  51.6425 320.9940 0003494 223.9689 136.1033 15.56724485 62421
CATSAT-2                
1 44029U 98067PV  20026.35474184  .00011188  00000-0  13687-3 0  9992
2 44029  51.6398 318.9872 0003374 258.3603 101.7012 15.60934679 56143
DELPHINI                
1 44030U 98067PW  20027.01607928  .00010639  00000-0  12806-3 0  9994
2 44030  51.6370 315.0983 0003079 254.7345 105.3309 15.61424939 56223
UNITE                   
1 44031U 98067PX  20027.16132014  .00006103  00000-0  84207-4 0  9996
2 44031  51.6387 317.5984 0002323 251.5232 108.5508 15.58697481 56205
TECHEDSAT 8             
1 44032U 98067PY  20026.40240081  .00060140  00000-0  39004-3 0  9992
2 44032  51.6324 304.9413 0001746 183.8405 176.2582 15.75414928 56285
CATSAT-1                
1 44033U 98067PZ  20026.35459612  .00011862  00000-0  14475-3 0  9991
2 44033  51.6400 318.9897 0003242 257.4761 102.5870 15.60932951 56050
ISS DEB                 
1 44303U 98067QA  20026.87844943  .00002622  00000-0  48456-4 0  9994
2 44303  51.6430 329.2545 0006034 152.3980 207.7331 15.53155503 37596
ISS DEB                 
1 44304U 98067QB  20026.36326515  .00011462  00000-0  16357-3 0  9995
2 44304  51.6411 328.8192 0006181 132.6524 227.4990 15.56770145 37562
ISS DEB                 
1 44305U 98067QC  20027.07642945  .00013197  00000-0  17817-3 0  9992
2 44305  51.6382 323.7568 0004171 182.4631 177.6341 15.58123631 37694
ISS DEB                 
1 44306U 98067QD  20026.83363292  .00003282  00000-0  58943-4 0  9991
2 44306  51.6415 329.6734 0007423 149.8057 210.3362 15.53070088 37593
RAAVANA-1               
1 44329U 98067QE  20026.85484207  .00006811  00000-0  10613-3 0  9990
2 44329  51.6413 327.5784 0006501 182.1437 177.9527 15.55131837 34798
UGUISU                  
1 44330U 98067QF  20027.05393547  .00006031  00000-0  94980-4 0  9995
2 44330  51.6410 326.6561 0006498 181.5824 178.5148 15.55076987 34800
NEPALISAT-1             
1 44331U 98067QG  20026.84994126  .00006959  00000-0  10815-3 0  9995
2 44331  51.6411 327.5458 0006502 183.4623 176.6324 15.55163923 34780
SPOOQY-1                
1 44332U 98067QH  20026.84764299  .00006906  00000-0  10750-3 0  9992
2 44332  51.6410 327.5273 0005358 184.4123 175.6821 15.55138093 34746
PINOT                   
1 44364U 98067QJ  20027.24083798  .00003774  00000-0  67013-4 0  9995
2 44364  51.6485 327.9026 0007974 152.8052 207.3357 15.52916499 33230
IOD-1 GEMS              
1 44385U 98067QK  20026.27326303  .00009346  00000-0  13879-3 0  9993
2 44385  51.6420 330.4708 0003502 140.2809 219.8439 15.55953403 32161
SWIATOWID               
1 44426U 98067QL  20026.98701167  .00012801  00000-0  18579-3 0  9994
2 44426  51.6445 326.8769 0004435 132.7695 275.2134 15.56191841 32298
KRAKSAT                 
1 44427U 98067QM  20026.85058893  .00005473  00000-0  90593-4 0  9996
2 44427  51.6426 329.0694 0004244 136.0822 224.0506 15.53896909 32296
VCC A                   
1 44428U 98067QN  20026.85973977  .00006374  00000-0  10164-3 0  9992
2 44428  51.6425 328.3838 0003327 151.2498 208.8677 15.54619547 32300
ENTRYSAT                
1 44429U 98067QP  20026.83104306  .00008169  00000-0  12610-3 0  9995
2 44429  51.6415 328.1847 0003274 141.5977 218.5248 15.55085717 32302
VCC C                   
1 44430U 98067QQ  20026.87869547  .00009187  00000-0  13864-3 0  9999
2 44430  51.6419 327.7578 0003311 151.0363 209.0813 15.55533126 31136
VCC B                   
1 44431U 98067QR  20026.86150467  .00006429  00000-0  10245-3 0  9999
2 44431  51.6419 328.3910 0003493 151.3182 208.8001 15.54624726 32242
SOYUZ-MS 13             
1 44437U 19041A   20026.35371815 -.00020245  00000-0 -35864-3 0  9994
2 44437  51.6435 335.1909 0005604 194.1990 303.5861 15.49108748 29426
SOYUZ-MS 15             
1 44550U 19064A   20026.35371815 -.00020245  00000-0 -35864-3 0  9995
2 44550  51.6435 335.1909 0005604 194.1990 303.5861 15.49108748 19049
CYGNUS NG-12            
1 44701U 19071A   20026.35371815 -.00020245  00000-0 -35864-3 0  9991
2 44701  51.6435 335.1909 0005604 194.1990 303.5861 15.49108748 13153
ISS DEB                 
1 44788U 98067QT  20026.40372142  .00010880  00000-0  18636-3 0  9998
2 44788  51.6448 334.3106 0006150 172.5073 187.6014 15.51765043 11150
ISS DEB                 
1 44789U 98067QU  20026.47415830  .00010896  00000-0  18787-3 0  9992
2 44789  51.6465 334.0404 0007106 178.1666 181.9351 15.51572892 11159
RWASAT-1                
1 44790U 98067QV  20027.32163486 -.00000469  00000-0  00000+0 0  9997
2 44790  51.6451 329.7747 0008448 201.5657 241.4512 15.51345473 10555
AQT-D                   
1 44791U 98067QW  20027.05634503  .00003181  00000-0  61432-4 0  9995
2 44791  51.6423 331.1735 0003255 172.4635 187.6403 15.51059215 10514
NARSSCUBE-1             
1 44792U 98067QV  20027.11878161  .00005370  00000-0  97282-4 0  9997
2 44792  51.6428 330.8410 0005553 194.8536 165.2291 15.51368163 10520
DRAGON CRS-19           
1 44821U 19083A   20006.55702477  .00001059  00000-0  26955-4 0  9991
2 44821  51.6453  73.1830 0005159 105.4393  49.5527 15.49542542  4942
PROGRESS-MS 13          
1 44833U 19085A   20026.35371815 -.00020245  00000-0 -35864-3 0  9992
2 44833  51.6435 335.1909 0005604 194.1990 303.5861 15.49108748  7882